-41.79626989247312 -41.06279408602151 -0.37393172043010736 -0.9956666666666667 0.0 -0.0541
56.04901269841269 26.59910317460318 16.87787671957672 -0.1643 -0.9305333333333334 -0.2984
28.887378014184396 -15.949356028368795 -34.445475886524825 -0.9956999999999999 0.0 0.05299999999999999
-15.099968650793658 25.94961587301588 -4.598636904761904 0.0 -0.9023666666666667 -0.2357
55.482667567567574 -29.4845 4.113961261261261 0.9282 -0.03846666666666667 -0.168
-45.141857828282824 -35.516784343434345 26.277582828282824 0.3623 -0.04733333333333333 0.7724666666666667
-19.224094871794875 -12.000867948717948 -25.65928717948718 0.2542333333333333 0.13623333333333332 -0.9161
21.369950216450217 45.82579047619048 -8.850782251082252 0.6299 0.5861 0.0
-6.229809433962265 9.645281761006292 40.46213018867924 0.8468 0.09986666666666666 -0.3714666666666666
-0.5842627450980395 -22.67849705882353 39.8450774509804 -0.8462 0.18653333333333333 0.3368666666666667
12.762346913580245 -41.63132427983538 -36.84685308641974 0.9522 -0.24793333333333334 -0.0
38.506418018018024 5.263281081081079 40.39043423423423 0.0 -0.8615666666666666 0.39843333333333336
55.72558198198199 4.229965765765765 -12.573181981981982 0.8936000000000001 0.0 0.3428
55.87254745762713 26.811975706214703 -7.335789830508476 0.8468 -0.3714666666666666 -0.09986666666666666
-45.02768356164384 -31.421438812785393 5.271760730593607 -0.7510333333333333 -0.45693333333333336 -0.18513333333333334
1.7219233333333335 2.93010416666667 -30.27954666666667 0.0 -1.0 0.0
1.2106852320675106 -24.600947257383964 -30.08425485232067 -0.8786 0.11423333333333334 0.0146
39.33343583333333 -32.2461025 39.645943333333335 0.06276666666666669 -0.36166666666666664 0.8368666666666668
-15.39547317073171 25.747917886178875 14.138523983739836 0.9268333333333333 0.03856666666666666 0.24683333333333335
-47.78330689655172 -41.059116091954024 8.559025287356322 0.0 0.0 -1.0
27.6212358974359 -38.573222435897435 -32.16369102564103 -0.055966666666666665 -0.3295666666666666 -0.8613666666666666
-34.27236737588653 -14.676095035460992 -7.763157446808512 0.051300000000000005 0.4324333333333333 0.7724666666666667
-15.24505555555555 4.391302380952382 21.990346825396824 -0.2286 0.8955666666666667 -0.34313333333333335
55.50678285714286 -25.33896857142857 21.95539523809524 -0.9359000000000001 -0.3474 -0.0
55.68332631578948 16.269107017543856 40.16604561403509 0.9105666666666666 -0.31056666666666666 -0.0
44.575538333333334 -2.1501883333333307 -29.856384999999996 0.23600000000000002 0.0 -0.9022666666666667
-54.34419851851851 -44.19001185185184 22.178822222222223 0.0 0.0 1.0
-14.898124786324786 5.14893760683761 -13.014839316239316 -0.2750333333333333 0.14943333333333333 -0.9003
55.73354259259259 4.254330555555551 23.23665925925926 1.0 0.0 0.0
45.142407207207214 -27.606071171171173 -29.82041531531531 0.010866666666666663 0.0715 -0.9740000000000001
-33.62795024154589 -32.60411256038648 -1.3695309178743966 -0.0061333333333333335 -0.8913333333333333 0.3303333333333333
14.053097101449277 -15.758448550724639 -34.373172463768114 -0.15756666666666666 -0.4106666666666667 -0.7597
-15.334066666666663 -38.67025263157895 -26.0095298245614 -0.012166666666666668 -0.6669666666666667 -0.6093999999999999
18.457479487179487 12.849348717948718 42.565451282051285 -0.0063 -0.9044 -0.23356666666666667
55.50722666666667 -24.52642857142857 -13.921999999999997 -0.9789666666666667 -0.07863333333333333 0.08596666666666668
-34.741178455284555 -36.37179756097561 30.762219918699188 0.2655666666666667 -0.9347333333333333 0.17700000000000002
43.20251538461538 11.64491923076923 -31.44793333333334 -0.7555 -0.07866666666666666 -0.41583333333333333
-6.657820000000001 34.10138666666666 6.382443333333333 0.0078000000000000005 -0.4724333333333333 0.8036333333333333
-9.942529411764706 -39.24282156862745 37.212080392156864 -0.11 0.11 -0.8844
15.71784901960784 14.769866666666665 -33.336507843137255 -0.8529333333333332 -0.41766666666666663 -3.3333333333333335e-05
-14.454738596491227 16.283131578947366 -30.805519298245613 -0.5637666666666666 -0.7336999999999999 -0.1156
47.0517 34.67826410256411 4.677023076923076 0.7071999999999999 0.707 -0.0010666666666666665
27.938783333333326 -44.518939583333335 -41.96250486111111 -0.7509666666666667 0.45693333333333336 -0.1851666666666667
58.50005617283949 23.41131358024692 4.485514197530864 0.7071999999999999 0.707 -0.0010666666666666665
-57.48622339181285 -44.650084210526316 8.788010526315787 -0.4714 0.0 -0.8047333333333334
-41.28559615384616 -12.544510256410256 23.620292307692306 0.025733333333333348 -0.09986666666666666 -0.9444666666666667
59.545774358974356 16.28054615384616 -29.50535384615385 0.21236666666666668 -0.2938 0.8437666666666667
-32.36211717171719 -29.00606363636364 14.121406060606063 -0.19246666666666667 -0.6638333333333333 -0.2789333333333333
-18.00596666666667 -12.537828333333334 35.77220833333333 -0.9264666666666667 -0.20883333333333332 -6.666666666666667e-05
40.31974285714287 -20.76759761904762 39.78967440476191 0.0 1.0 -0.0
