1 13.3147 -40.0964 -33.7514 
2 57.6689 17.0625 -5.34804 
3 -28.326 -37.1803 -19.2683 
4 -15.322 22.5989 -5.35447 
5 30.3678 -8.82782 39.7534 
6 11.8694 15.5933 -31.4629 
7 -16.4597 -11.4549 34.8154 
8 22.2343 38.488 -5.81512 
9 53.1073 -36.4241 33.0717 
10 7.84167 32.0181 22.0412 
11 55.4477 -12.6501 -1.57785 
12 -12.0977 15.8245 37.2956 
13 -33.3251 -40.7858 2.71692 
14 3.37268 -5.95601 -30.0913 
15 33.0036 17.2525 -29.4004 
16 53.2748 -12.0951 32.6199 
17 -44.1472 -37.9782 26.4394 
18 33.1988 -35.0643 39.5015 
19 -37.1529 -11.1249 1.67851 
20 47.0674 32.5657 -3.70185 
21 -29.9328 -14.0075 -18.4431 
22 -4.60245 34.1029 4.47253 
23 56.756 8.60031 15.9732 
24 54.3541 16.1568 36.7968 
25 53.785 16.5408 -27.1858 
26 -54.822 -44.6482 16.0286 
27 -45.0484 -38.673 5.80056 
28 11.8347 16.1428 40.7901 
29 23.2656 -13.822 -32.179 
30 4.7584 -7.95128 39.747 
31 -16.5291 -1.03151 -5.29101 
32 -8.959 -34.9614 -27.9806 
33 34.5672 16.9729 40.2584 
34 -37.6274 -10.4372 16.6746 
35 -10.9147 -35.9639 37.0517 
36 -30.9932 -36.5475 27.3675 
37 -14.5146 -10.515 -25.5394 
38 29.6251 -40.1614 -33.4318 
39 -12.1798 15.7947 -27.9763 
40 4.73841 29.5025 -16.4959 
41 32.5783 33.4564 19.6612 
42 50.1262 -8.22859 -26.5787 
43 55.1735 -36.2077 5.10434 
44 -16.6742 -1.82741 16.9384 
45 -15.2089 22.5913 14.8102 
46 -37.4887 -12.4791 30.6251 
47 53.8978 28.2512 12.342 
48 11.2032 -34.1535 39.51 
49 -34.3536 -26.2587 1.69472 
50 51.7117 -34.7871 -24.6135 
