1 -0.07084680498297542 0.73151540297888 -0.6781341647700336
2 -0.2903480601089015 -0.762506633948944 -0.578170941136658
3 -0.05147726305530612 -0.9977209585183183 -0.043623162673321246
4 -0.9854917862263428 0.11800298630307403 0.12198866547334956
5 0.0 0.0 1.0
6 0.0006614453744496916 -0.40116043896439846 -0.9160075680363715
7 -0.9714581873699214 -0.05496406198728507 -0.23075515613265168
8 0.7617136277809351 -0.2205431321370955 0.6092233384564043
9 0.9993650390135256 0.033983033238814964 0.010708512939901929
10 0.16106756215324416 0.7674539924231354 0.6205413845472362
11 0.99995706169404 0.007006706850541502 -0.006064719889031445
12 -0.41160942831687714 -0.8267530958096142 0.38348011303048346
13 0.5628060479446498 -0.06943994727812045 0.8236670723775088
14 0.016877518160358883 -0.0052476433625774635 -0.9998437936097248
15 1.741183341625806e-05 -0.3729430139454451 -0.927854249354992
16 0.9999703403359433 0.0034424890570509204 0.006889681959973202
17 0.9375441880269225 -0.05783785245476281 0.3430243115587573
18 -0.008464172145896405 -0.008243951805898828 0.9999301950878904
19 -0.33945575457625965 -0.9257775551497253 -0.1664503201140197
20 -0.1610677006910505 0.7674546525274492 -0.6205405322040377
21 -0.7393041640693421 -0.23694819778416537 -0.6303054057808544
22 -0.009541100993606593 -0.8741846553895506 0.4854999028560999
23 0.9999297452983271 0.006173662366131691 -0.010118812213480322
24 0.3901544297902567 -0.8340011532212389 0.3901558628813404
25 0.40517885987555774 -0.8385610758007469 -0.3642051807180085
26 -0.42321409751344996 0.9045317061912562 0.05207898002660112
27 -0.5628367906957551 -0.06944372939076031 -0.8236457463543448
28 -0.0005044060668797775 -0.3705713039039341 0.9288038836576094
29 -0.4816452331088257 -0.8746630336719388 0.054611783997102134
30 0.010653319472412872 -0.0033123844492047756 0.999937765510174
31 -0.99999689065114 0.0024676686459208694 0.00035958240472372697
32 0.0013890721426736397 -0.0016405798693823446 -0.999997689485468
33 -0.019548859725597594 0.01177678754753636 0.9997395407597367
34 -0.04667009009380955 0.9985664788501858 0.026208586520015262
35 -0.0067153013947329095 0.0172684415823258 0.9998283380923426
36 0.0 1.0 0.0
37 -0.026405747458503565 -0.9399486248795057 0.3402929900663312
38 0.04748767615293466 0.9728324314915365 -0.2265876891003984
39 -0.3883186077248652 -0.8221939591655634 -0.41617995195141005
40 -0.6174985195261995 -0.3226732916545802 -0.7173405922124789
41 0.024466253948469623 0.8789141980886432 0.47635200725506127
42 0.014479384689021602 -0.004441354909294006 -0.9998853043152485
43 0.9990301274566405 0.011259222334202568 -0.042567996739302116
44 -0.9999983992864733 -0.0016022421790936887 0.0007963946828024809
45 -0.9654120642603226 0.23241631942969204 -0.11816175626393743
46 -0.4258182528130542 -0.514461618918558 0.7443171758269013
47 0.9696220903636278 -0.23723287918997674 0.05961176821821807
48 -0.0006739873478551154 -0.04111235533379288 0.9991543023877557
49 -0.33180941902025474 0.7865062051971431 0.5208747437108375
50 0.9998451586003415 0.017408671588469052 -0.0025684580944416017
