43.2322 36.3722 8.98838 0.675456 0.73607 0.0442632 
13.6913 -39.9175 -32.6828 -0.363816 0.921727 -0.134378 
7.08539 10.6639 -29.978 -0.00247786 -0.0497083 -0.998761 
-1.67108 33.1492 20.1955 -0.205162 0.900868 0.38255 
-14.7526 15.2206 34.4071 -0.609931 -0.791716 -0.0341987 
-14.2943 -14.3741 37.1897 -0.946895 -0.0862025 0.309772 
32.5122 28.5995 -18.1292 1.13395e-05 0.856546 -0.51607 
21.8981 38.1498 -2.27826 0.00838361 0.896283 -0.443403 
29.7494 -35.7376 -29.978 0.0920904 0.0928089 -0.991416 
34.5573 15.2272 42.5612 -0.0852866 -0.806432 0.585145 
31.4218 15.2221 40.7569 0.0503011 -0.760765 0.647075 
18.2904 -15.5217 -38.5179 -0.0111293 0.769904 -0.638063 
51.3628 8.42441 -29.9764 0.150362 -0.00586642 -0.988614 
-4.42202 15.223 41.0242 -0.0322869 -0.732821 0.679655 
54.018 -34.2314 -29.9764 0.452003 -0.0374535 -0.89123 
36.1109 -13.3741 -29.978 0.0253748 0.0134801 -0.999587 
-14.1245 -0.92266 21.0234 -0.999766 0.0139323 0.0165435 
55.4349 -6.16558 4.6271 1 -3.3814e-05 2.88431e-05 
-14.2934 -2.04456 39.6 -0.706819 0.0374037 0.706405 
17.3361 13.5693 -29.978 0.0079894 -0.439551 -0.898182 
60.6403 15.2339 12.3922 0.526536 -0.850035 0.014125 
56.7981 22.3175 -2.97066 0.82986 0.55715 -0.0302722 
37.9213 -35.994 39.7525 0.00323093 -0.0815609 0.996663 
55.4141 -24.7229 26.662 0.999948 0.000112222 -0.0102281 
-15.3233 -17.3769 32.6395 -0.484809 0.0278751 0.874176 
-16.5308 -7.46186 11.7547 -0.401564 0.915413 0.0276776 
-39.1334 -7.33334 26.6323 -0.212071 0.954791 0.208328 
-14.3173 -20.117 -26.7409 -0.973601 -0.0162433 -0.227677 
-20.6852 -25.7117 -22.6411 0.000314258 -1.83943e-05 -1 
-15.0881 29.202 8.29022 -0.859406 0.507815 -0.059542 
-2.95579 -1.84999 39.7275 0.00516005 0.0164473 0.999851 
55.4349 -16.8611 -5.74105 0.999995 0.000812117 -0.00297971 
23.7182 -15.4009 -30.4344 -0.00735597 -0.20929 -0.977826 
28.9975 12.7529 -29.978 0.00264958 -0.242931 -0.97004 
8.91817 -9.89113 -29.978 3.78292e-05 -4.08214e-05 -1 
14.0866 38.8317 10.7413 1.33651e-05 0.857926 0.513772 
-11.4974 21.6484 39.3568 -0.0378413 0.865909 0.498767 
-31.6288 -32.2997 -22.6448 -0.642642 0.0035597 -0.766158 
-26.226 -7.57786 -5.94664 -0.27528 0.961332 0.00784634 
-44.0657 -8.9967 7.93029 -0.314154 0.949255 -0.0149435 
-20.1419 18.2295 3.08902 -0.933567 0.355037 0.0490089 
-7.42339 29.8558 18.2923 -0.555729 0.822401 0.121741 
-15.2692 15.2292 -33.5399 -0.166317 -0.891433 -0.421528 
12.3287 32.0173 -12.4557 0.000214512 0.856536 -0.516087 
-12.4073 25.2996 -9.7421 -0.627107 0.730559 -0.270222 
41.9397 6.67944 39.5963 -0.0287223 -0.0144683 0.999483 
13.5684 -1.96883 -29.978 5.44761e-05 -3.63768e-06 -1 
55.4349 -32.4001 24.3509 0.999996 -0.00298632 0.000289485 
-14.297 12.962 29.8394 -0.948965 -0.312726 0.0408447 
29.8037 -18.9845 39.7525 -0.00733735 0.00098111 0.999973 
-45.623 -22.003 0.159661 -0.991244 -0.0354808 0.127188 
5.34763 36.1491 -5.60748 -0.00781822 0.85858 -0.51262 
47.0163 19.2106 -33.7095 -0.0369099 0.672407 -0.739261 
52.5738 31.5561 11.2691 0.114506 0.886428 0.448479 
-32.1043 -25.5657 23.7924 -0.99994 0.000292102 0.0109762 
-48.4697 -39.9599 14.9336 -0.364051 0.929802 0.0541719 
-12.1103 15.2302 43.6183 -0.0455863 -0.84435 0.533849 
-14.3174 -23.2852 -27.1752 -0.955966 -0.0165387 -0.29301 
58.6739 27.6645 -8.7368 0.5682 0.339058 -0.749792 
-37.2117 -11.4131 36.1759 -0.0109814 0.956217 0.292454 
58.2993 28.7571 17.3187 0.395398 0.804963 0.442376 
52.9183 26.7665 11.7613 0.696686 0.690183 -0.195642 
61.0921 18.5145 -9.59601 0.946356 0.322684 0.0168681 
-44.7062 -30.2401 5.04668 -0.982111 -0.0760623 -0.172255 
59.9565 15.2319 28.7335 0.445371 -0.894952 0.0265584 
58.6909 20.9146 29.6894 0.70708 0.707134 -5.62097e-06 
6.44773 36.4082 14.7839 -0.00178883 0.857988 0.513667 
57.2785 15.2245 -2.21025 0.400489 -0.915583 -0.036268 
-11.899 -7.49794 39.6855 -0.262989 -0.00619194 0.964779 
13.5219 32.0415 -12.4157 4.20106e-05 0.856535 -0.516089 
-11.9274 24.0698 35.2974 -0.206931 0.888505 0.409558 
53.9263 -15.4445 39.7525 0.394879 -0.0600883 0.916766 
-32.3218 -19.7119 9.39129 -0.999981 0.00234955 -0.00578548 
-16.2316 -26.5894 32.6391 -0.417845 0.0407323 0.907605 
55.8329 15.2204 26.8171 0.567399 -0.822838 0.0315435 
-14.3039 8.49268 10.6645 -1 -3.87694e-06 0.000357496 
-47.1966 -31.0194 7.39658 -0.482623 0.0695993 -0.873059 
39.2969 -33.4121 -29.9778 -0.00288805 -0.00786339 -0.999965 
14.8437 25.2472 33.4253 -1.03803e-05 0.857949 0.513735 
-31.9336 -38.2444 29.3976 0.946114 0.320207 -0.0483311 
-9.11609 30.3553 14.5595 -0.233235 0.862845 0.448441 
-32.103 -15.1171 -18.1344 -0.986049 -0.136159 -0.0957554 
30.2655 -2.68426 39.7525 -0.000323833 2.59816e-06 1 
5.48512 -0.381098 39.7525 0.00484432 -0.00219857 0.999986 
37.926 34.7303 -7.95394 0.00033223 0.856618 -0.515951 
53.0825 25.9687 8.69759 0.621632 0.78242 -0.0373137 
27.8576 37.6199 -3.15812 -4.44018e-05 0.856512 -0.516127 
44.6538 34.9494 2.17137 0.501893 0.856531 -0.120246 
-9.46555 -36.6304 -30.0403 -0.00492845 -0.0915999 -0.995784 
-39.403 -10.8391 -1.42837 0.00115422 0.939519 -0.342496 
22.0448 27.9302 -19.2394 -5.23949e-05 0.856547 -0.516069 
58.828 27.0864 -4.89145 0.978683 -0.0692673 -0.193343 
-14.2944 -29.6229 37.0044 -0.957011 0.0156088 0.289631 
-4.70929 32.3354 5.65583 -0.439523 0.894839 0.0779955 
-9.9473 -17.3583 -30.0224 -0.0538461 0.00259788 -0.998546 
33.2869 21.4457 -30.0017 0.000127395 0.856492 -0.51616 
-28.7012 -7.30079 9.74153 0.0805865 0.956354 -0.280879 
-15.8958 -25.5146 32.6392 -0.448884 0.0844164 0.889594 
-14.2951 -16.5828 34.9144 -0.939387 0.0182861 0.342371 
32.2117 22.7047 37.6706 7.50775e-05 0.857903 0.513811 
34.7448 17.7814 -36.0829 -0.0234561 0.523724 -0.851565 
55.4349 -16.5269 1.77184 0.999944 0.0104828 -0.00140736 
-14.3812 23.495 -2.30073 -0.683505 0.728258 0.0495988 
-16.8849 28.9253 1.69809 -0.855411 0.517603 0.0189444 
55.4385 -9.29879 -28.4831 0.878467 -0.0373544 -0.476341 
-11.5715 -14.4616 -30.0401 -0.243518 0.0140525 -0.969795 
-34.5289 -33.2529 30.7346 0.0107762 0.00772692 0.999912 
-34.1747 -9.88521 -25.8656 -0.0151403 0.998601 0.0506675 
59.2467 15.23 -23.7438 0.43253 -0.901619 -0.000739589 
34.264 -10.6323 -29.978 0.0215663 0.0300768 -0.999315 
-18.2298 15.2303 37.4103 -0.52221 -0.852799 0.00546401 
32.4803 34.3587 -8.57094 -0.000148663 0.856497 -0.516152 
-14.2402 -6.06541 21.8061 -0.948006 0.314144 0.0509797 
55.4349 13.3386 7.40707 0.926375 -0.373924 -0.044834 
58.4908 15.229 41.8599 0.310411 -0.91806 0.246599 
58.7323 15.2285 19.8963 0.534453 -0.84349 -0.0537106 
50.4024 -16.6944 39.7526 0.00445392 0.00285769 0.999986 
58.0679 26.5511 -8.41712 0.671032 0.150201 -0.726055 
43.1935 1.25504 40.0092 -0.0255117 -0.00115825 0.999674 
14.1966 -13.334 -30.3866 -0.383046 0.360661 0.850411 
42.7641 21.5848 -29.7698 7.22474e-05 0.856534 -0.51609 
55.4349 -6.47201 18.8749 0.999996 -0.00270779 -0.000570864 
-39.8561 -7.57707 20.4717 -0.385862 0.921489 -0.0443576 
6.12965 -8.02979 39.7525 -3.9219e-05 4.76615e-05 1 
56.372 23.2333 13.9778 0.807279 0.585023 0.0777787 
27.4284 15.2239 -31.6224 -0.0172354 -0.768679 -0.639403 
40.2547 37.9382 12.1473 0.286692 0.878461 0.382248 
54.8279 24.7773 16.4396 0.704469 0.702011 -0.104425 
33.8348 16.3282 45.4415 -0.0168356 -0.625149 0.780324 
-0.754214 30.035 25.3961 -0.00634282 0.858801 0.51227 
-34.8129 -37.8878 2.54467 0.1873 0.975993 0.111159 
-42.495 -37.8878 29.5366 -0.381659 0.176596 0.907276 
20.4229 -15.9224 -38.1474 -0.0017774 0.762505 -0.64698 
3.40246 20.5037 -31.5966 0.00159683 0.856666 -0.515868 
14.3637 -8.42111 39.7525 -9.45027e-05 5.32954e-05 1 
-12.9323 30.3181 -4.03736 -0.196278 0.85279 -0.483967 
-32.1044 -26.558 26.9786 -0.999314 0.0286371 -0.0234738 
-32.9747 -37.8878 6.77838 -0.956686 -0.290365 0.0209578 
-34.0587 -37.8878 2.37076 0.798711 0.543667 -0.257853 
-18.685 15.2316 1.83909 -0.466225 -0.88423 -0.0277745 
14.2299 39.6523 0.215811 0.00931742 0.872287 -0.488905 
40.1407 -25.3961 39.959 0.00111755 -0.00675314 0.999977 
57.5352 28.4638 4.53578 0.949419 0.31401 0.00131544 
-20.7397 16.4948 -6.90999 -0.951615 -0.307209 -0.00717516 
-29.0875 -8.89965 -22.3079 -0.131441 0.939246 -0.317082 
55.4349 -23.7655 -2.69651 0.999969 0.000980871 -0.00778085 
19.1071 46.0154 -11.4604 -0.684927 0.260806 -0.680334 
-33.0146 -36.2272 -0.0955 -0.88983 -0.109398 -0.442985 
-9.14135 -14.6964 -30.0135 0.0101162 -0.000338862 -0.999949 
9.65388 -36.5056 39.747 -0.00612926 -0.103243 0.994637 
22.2311 -24.8603 -29.9965 -0.00634847 0.000902061 -0.999979 
-14.6053 -8.6733 25.7901 -0.430776 0.899425 0.0739321 
28.5454 -14.639 -36.5821 0.171529 0.953307 -0.248565 
-0.893181 35.8234 6.14981 -0.56931 0.821403 0.0344037 
54.9123 -38.2847 39.3732 0.696196 -0.205516 0.687804 
14.3405 16.1114 45.427 -0.0434268 -0.584606 0.810155 
31.7896 -25.7185 39.7526 -0.00444286 0.000808935 0.99999 
54.2686 24.8031 5.26811 0.576381 0.816093 0.0421639 
55.4141 -21.8589 18.5149 0.999868 -0.0112708 0.0116655 
-23.3205 -10.6719 36.0695 0.00404132 0.947638 -0.319322 
56.9862 28.9911 -1.59921 0.722407 0.691217 -0.0186352 
48.3246 14.3963 39.7526 0.0363754 -0.566015 0.823592 
55.4371 -16.6926 -24.3729 1 1.57553e-05 0.000238203 
14.4437 -13.7042 -36.6954 -0.258076 0.852147 -0.455239 
53.3534 15.2773 45.4271 -0.0127143 -0.782143 0.622969 
-41.1078 -36.235 30.8479 -0.0862057 -0.0170967 0.996131 
-43.898 -21.3295 30.0199 -0.997291 0.0165011 -0.0716887 
56.7358 28.836 -6.45636 0.241173 0.80011 -0.549236 
23.4133 25.1277 33.6248 9.11016e-05 0.857911 0.513798 
37.5492 31.3953 23.158 -5.66949e-05 0.857951 0.513731 
39.7781 -10.9668 39.7525 -0.00027161 8.86066e-05 1 
-14.3121 11.2984 -12.0941 -0.986055 -0.164435 -0.0256163 
-29.2827 -10.7692 34.6224 0.0121915 -0.994476 0.104256 
-2.4484 -12.389 39.7525 -0.000272471 6.16034e-05 1 
59.6488 15.2311 15.6823 0.515795 -0.856692 -0.00587357 
61.9798 17.6259 40.385 0.998113 0.0374786 0.0486463 
-14.3083 7.49863 -1.54444 -1 -5.89517e-06 0.000359135 
55.4534 -24.43 7.93697 0.999991 -0.0042421 -0.00087202 
-3.42086 7.55676 -29.9859 0.0165771 -0.00274208 -0.999859 
24.5672 26.4953 -21.6211 -3.94629e-05 0.856538 -0.516084 
54.7775 -39.9572 7.86504 0.994441 -0.105221 -0.00387601 
-17.6055 27.6645 12.8685 -0.961971 0.271176 0.0327877 
45.4613 13.4498 -29.9764 0.00217442 -0.36553 -0.930797 
-33.1994 -29.5982 29.5177 -0.941255 0.337695 0.000336717 
29.656 27.2427 30.0926 8.62944e-05 0.857914 0.513793 
-22.59 -31.6963 32.6364 -0.000334518 9.93805e-05 1 
-14.3182 -34.4953 -29.5806 -0.710436 -0.0366085 -0.702809 
-11.7345 -14.318 -30.0419 -0.24269 0.00520096 -0.97009 
33.356 -27.4482 39.959 0.000775001 -0.000771452 0.999999 
-44.1132 -29.2917 1.07351 -0.892341 -0.177473 -0.415008 
-4.3618 23.0495 -27.3926 0.00158522 0.856635 -0.51592 
6.05486 34.2402 18.4009 -0.0015397 0.857806 0.513972 
-35.4846 -10.7692 4.63909 0.248385 0.965743 -0.0751351 
39.7374 18.4708 -34.9381 -0.0294739 0.602908 -0.797266 
61.1224 15.7104 2.12671 0.670812 -0.739169 0.0603379 
29.6767 18.1711 -35.4366 -0.00837986 0.550627 -0.834709 
-23.8601 -8.36353 7.68759 -0.0686707 0.994664 -0.0769915 
13.3888 27.7732 29.2075 -0.000101112 0.857904 0.51381 
-33.2383 -37.8878 26.2447 0.952446 0.304318 0.0154157 
-5.02407 25.4392 -23.426 0.00130643 0.856717 -0.515785 
-17.5539 27.0454 -1.47784 -0.997935 0.0630188 0.0124615 
28.4873 -10.1161 39.7525 -0.000269353 8.00124e-05 1 
31.3511 -7.55293 -29.978 0.000142355 -1.60712e-05 -1 
-27.1665 -39.7725 32.1505 -0.0654285 -0.0542598 0.996381 
13.0407 31.2002 23.4849 -2.76243e-05 0.85793 0.513768 
11.5035 -16.2666 -30.2561 0.0954624 -0.272002 -0.95755 
40.0407 38.2257 -2.07141 0.268977 0.88599 -0.377722 
-5.17437 -24.7913 39.7317 0.0012597 -0.000858677 0.999999 
-16.5522 -14.3213 32.639 -0.287653 -0.18294 0.9401 
55.4349 -8.05483 37.3634 0.96417 -0.0375207 0.262619 
-31.9394 -19.5804 -22.6449 -0.665214 0.0261315 -0.746196 
13.0592 33.4237 -10.1217 4.22303e-05 0.856528 -0.516101 
55.6913 26.7665 9.18184 0.54869 -0.826997 -0.122536 
-44.4814 -33.7416 2.53608 -0.984671 -0.00162875 -0.174414 
32.7612 17.0095 -36.7532 -0.0293989 0.221625 -0.974689 
15.9667 -7.05663 39.7525 -0.000153387 3.75239e-05 1 
17.1386 -36.1813 -30.0563 -0.0141445 0.0080875 -0.999867 
24.763 -13.2196 39.7525 -0.000179202 0.000111664 1 
-47.9452 -39.6721 8.28914 -0.788379 0.61224 -0.0601663 
0.781064 -39.556 -29.3885 -0.00715785 -0.0933876 -0.995604 
54.7772 -38.7401 10.105 0.993028 -0.11787 -0.00114884 
17.0574 -17.6541 -30.2051 -0.0656769 -0.0369468 -0.997157 
56.4024 29.5756 1.51145 0.77774 0.626989 -0.0447857 
-0.521541 -25.3659 -29.9296 -0.00681889 -0.0114884 -0.999911 
14.162 -13.3472 -31.1891 0.560993 -0.790173 -0.246806 
17.9731 41.4204 5.64568 0.0178784 0.98719 0.158543 
-15.0903 30.4661 7.4689 -0.765526 0.642757 -0.0288657 
-32.1034 -30.0741 -6.53039 -0.999841 -0.0171064 0.00499331 
-5.00948 -33.7447 39.717 -0.00231085 -0.020868 0.99978 
39.4221 15.2288 43.16 0.0708608 -0.863485 0.499371 
-14.2977 0.761717 27.9241 -0.999836 0.00449442 -0.017519 
30.0114 -27.2455 -29.978 0.014538 -0.00147532 -0.999893 
13.0488 16.3378 -35.7328 0.00518657 -0.548353 -0.836231 
33.7963 22.412 38.1593 3.74154e-05 0.857939 0.513752 
55.4359 -14.3702 -20.9832 0.999999 0.000966893 -0.000468381 
57.2649 26.9318 18.2202 0.473301 0.337185 0.813813 
55.4401 -34.3435 -24.6587 0.999504 -0.0313535 0.00291171 
55.4534 -21.5641 2.78897 0.999936 -0.00652209 0.00919883 
16.6446 -29.3442 -30.0683 -0.00207783 -0.00170363 -0.999996 
20.8585 42.7411 -11.2872 0.128204 0.0395249 0.99096 
15.345 -2.4279 -29.978 4.76448e-05 -1.05047e-05 -1 
9.62962 7.95289 -29.978 0.00703489 0.00146423 -0.999974 
40.977 -1.64141 39.5963 -0.0149171 0.0145615 0.999783 
-32.1034 -35.2585 -5.4852 -0.999287 -0.0377518 -0.000969871 
58.2395 27.6929 18.1502 0.453032 0.273225 0.848593 
40.0923 -5.54065 39.7525 -0.000477376 0.00527653 0.999986 
28.7446 28.1977 28.4979 3.28056e-05 0.857829 0.513936 
19.6234 1.13807 39.7525 -0.000178431 -8.95094e-06 1 
16.0003 -38.8463 39.0372 0.00549042 -0.120614 0.992684 
32.709 35.0817 17.0022 4.7898e-05 0.85791 0.513799 
-43.1307 -36.2965 30.9972 -0.221133 0.0151233 0.975126 
-14.295 -16.1326 35.135 -0.949292 0.0155253 0.314012 
-14.3176 -25.1168 -27.5462 -0.95075 -0.0384491 -0.307565 
-43.898 -32.4642 30.3096 -0.589296 0.0444899 0.806692 
-45.5025 -34.9014 23.1164 -0.832496 -0.117391 0.541452 
-30.9916 -4.84646 20.1083 -0.0612324 0.992902 0.101962 
55.4349 -5.40521 1.54153 1 -2.72958e-05 8.0862e-06 
55.4349 -7.32003 17.0784 1 -6.15277e-05 6.67752e-05 
-14.3018 5.96736 16.3837 -0.999984 0.000158647 0.00565546 
-4.82844 12.9389 -30.0112 0.0174255 -0.350786 -0.936293 
-34.013 -11.8008 -3.11514 -0.707718 -0.693323 -0.135789 
55.4349 -6.16425 -10.2385 0.999983 -0.0057012 0.000668091 
55.4349 -6.29471 -11.9021 0.999987 -0.00515077 0.00013721 
-14.2943 -10.2969 37.3545 -0.823299 -0.062852 0.564117 
44.4816 35.1216 2.048 0.503957 0.85245 -0.139127 
-32.103 -11.6014 -20.8013 -0.951363 -0.163751 -0.260948 
-35.5791 -36.4302 -0.1808 -0.0433421 0.0104547 -0.999006 
28.9623 -39.1751 -32.6828 0.394581 0.876639 -0.275336 
1.15553 8.64529 -29.8217 0.00730236 -0.0236794 -0.999693 
19.8166 -32.5124 -29.9965 0.00979667 0.00800945 -0.99992 
23.0203 28.4572 28.0648 1.5004e-05 0.857914 0.513793 
-7.6298 -27.6564 39.7364 -0.0122197 0.000708698 0.999925 
-17.1156 -33.5672 32.6387 -0.256811 -0.0178434 0.966297 
-34.7489 -37.8878 17.6234 -0.178182 -0.983683 0.0248908 
55.4359 12.3503 -19.7067 0.978897 -0.204271 -0.00579156 
21.3703 38.3505 11.5443 1.3108e-05 0.857884 0.513844 
55.4349 0.145396 -2.89246 1 -1.2194e-09 -4.71644e-06 
5.705 -19.3638 -29.9296 0.00263565 0.00138262 -0.999996 
24.6778 15.2228 -31.235 -0.0545591 -0.829014 -0.55656 
-5.35999 -23.7394 39.9088 0.000804259 0.00125953 0.999999 
37.4782 15.2299 43.5462 0.0726321 -0.867698 0.491757 
18.327 34.6788 -9.79018 -0.0637422 0.732009 -0.678307 
-14.3017 -1.66837 16.7196 -0.999978 -0.00560154 -0.0036729 
55.4349 -12.8939 -13.6195 0.999995 0.00311994 0.000214134 
-14.2609 31.1905 4.6373 -0.790376 0.612457 -0.0142045 
56.1231 18.0619 45.4236 0.0189573 0.426867 0.904116 
-9.24309 27.9238 17.409 -0.4676 0.855761 0.221413 
-37.9093 -10.7692 13.4127 0.0851313 0.995674 0.0372341 
-18.5498 -6.69921 15.853 0.0334974 0.99737 -0.0642804 
-24.0976 -31.4216 32.6358 -0.000424715 -1.17447e-05 1 
55.4349 -1.53677 -3.59208 1 9.24175e-06 -1.5578e-05 
-10.8052 27.9091 17.4172 -0.402394 0.881921 0.245548 
35.038 41.4188 6.22432 0.0537352 0.979233 0.195486 
-44.1132 -23.2899 1.69294 -0.977468 -0.0341579 0.208302 
26.4531 -39.9956 -35.5864 0.00476937 0.865328 -0.501182 
-15.2716 -16.9326 -22.6393 -0.439155 -0.0263488 -0.898025 
-12.7584 31.5166 3.07145 -0.702917 0.710373 -0.0357556 
-47.2533 -39.6721 10.7339 -0.786846 0.614868 0.0530194 
30.096 -5.09889 39.7525 -0.000292744 3.66517e-05 1 
-1.2314 -1.20042 -30.0356 -0.0575267 -0.0277327 -0.997959 
11.0925 21.1525 40.2609 -0.00107063 0.857785 0.514008 
7.14526 13.7275 39.7437 -0.0355016 -0.444265 0.895192 
41.4458 -4.85447 39.7525 -0.00277776 0.00652526 0.999975 
13.9181 32.3381 -11.9234 -0.0117392 0.854312 -0.519628 
2.43045 35.879 -6.0651 -0.102619 0.881994 -0.459952 
-15.7988 22.0078 13.3827 -0.845653 0.531143 0.0525231 
25.749 14.1528 -29.978 0.00606256 -0.638906 -0.769261 
60.7048 15.234 -30.3437 0.563996 -0.824049 -0.0534072 
54.3557 25.2495 18.5605 0.590327 0.752007 0.293256 
-40.1986 -10.7692 33.5084 -0.0507135 0.98019 0.191457 
-1.72332 33.3969 -10.2 -0.212852 0.889862 -0.403535 
27.4101 32.1632 -12.2145 0.0145257 0.847169 -0.531124 
27.799 -17.0828 -29.978 -0.0351244 -0.119368 -0.992229 
15.7766 22.0789 38.7159 -1.8257e-05 0.857944 0.513744 
28.8816 -10.5894 -29.978 0.0774931 0.117152 -0.990086 
41.8094 -7.32128 -29.978 -0.000169921 -0.00307885 -0.999995 
27.9397 37.1816 -3.88556 0.0126828 0.863232 -0.504648 
47.9923 -14.0481 -29.9778 0.0024987 0.00334787 -0.999991 
-31.4929 -9.35345 -0.367789 -0.357767 0.93183 -0.0607923 
-39.2873 -38.2084 -1.0176 -0.0375264 0.0986984 -0.99441 
-40.8453 -37.8878 8.99759 -0.0464321 -0.997486 -0.0535291 
24.2749 -10.5529 -30.4769 0.0631994 0.172713 -0.982943 
31.6214 -15.3928 -31.2604 -0.37707 -0.919147 -0.113962 
-20.5419 16.4514 -24.2048 -0.999688 0.00577814 -0.0242824 
55.4384 -8.18791 -28.3539 0.890109 -0.0248511 -0.45507 
39.5947 -9.10338 -29.978 0.000212519 -1.53114e-05 -1 
54.1535 24.9162 2.9735 0.577956 0.816051 0.00522949 
22.6432 48.1062 -9.53896 0.434833 0.849046 -0.30007 
-0.237211 28.7799 27.4926 -0.0017429 0.857781 0.514012 
18.3594 29.1796 26.8589 1.19293e-05 0.857971 0.513698 
62.2281 16.6616 -0.776155 0.92869 -0.370368 -0.0190165 
55.4349 -24.5673 30.8597 0.999935 0.00027337 0.0114251 
55.4367 -13.8187 -23.2144 1 3.55762e-05 0.000356938 
41.7647 -36.6799 39.7525 0.00571144 -0.098848 0.995086 
10.7228 14.0249 -29.978 0.0562402 -0.493174 -0.868111 
43.75 -16.6405 -29.978 0.00140423 0.00421593 -0.99999 
39.1336 18.5219 44.6554 -0.0449406 0.667354 0.743384 
30.6441 -31.5377 39.7526 -0.00691938 -0.00311859 0.999971 
55.4349 -16.9259 1.64796 0.999967 0.00815754 -0.000489505 
-13.7739 31.6058 7.44067 -0.694333 0.719071 0.0289548 
50.0467 -33.7597 -29.9774 0.00223511 -0.00982985 -0.999949 
-23.8799 -10.7789 -22.6422 0.0301695 0.738161 -0.67395 
-40.6025 -7.82876 24.9191 -0.277557 0.953697 0.115863 
-21.6059 -6.10461 16.7719 -0.160258 -0.985269 0.0596897 
3.94835 40.2487 5.81494 -0.469887 0.877653 0.0945086 
30.9637 15.2215 40.5439 0.0551271 -0.765439 0.641143 
43.0472 -38.0639 39.6686 0.00287075 -0.114857 0.993378 
39.7067 39.8957 3.90477 0.529954 0.84521 -0.0690489 
-45.4829 -39.9137 27.4769 -0.963645 0.245332 0.105834 
16.3479 25.622 -23.0702 4.68557e-06 0.856551 -0.516063 
-32.1036 -29.732 -0.762906 -0.976339 0.191869 -0.0997408 
-32.1045 -15.9313 29.2478 -0.988468 -0.0179822 0.150356 
38.449 15.6887 -35.6764 0.0639397 -0.820021 -0.56875 
39.824 -17.8097 -30.1844 -0.00244694 0.00232687 -0.999994 
37.807 -15.766 -29.978 -0.00517571 0.00691474 -0.999963 
-14.1245 -0.678429 -16.2277 -0.999581 0.0181212 0.0225526 
30.0546 -15.2272 -29.8647 -0.113916 -0.100339 -0.988411 
-14.2945 -7.53011 36.7956 -0.904795 0.193944 0.37912 
53.3935 33.41 6.65207 0.528208 0.838029 0.136761 
26.1452 9.15221 -29.978 8.63837e-05 4.04228e-05 -1 
-21.6176 -6.51985 -13.3665 -0.107675 0.981678 -0.157206 
35.5844 -11.8083 39.7525 -0.000144626 7.66062e-05 1 
54.3403 -25.5079 39.7525 0.533178 -0.0931605 0.840858 
-32.1133 -30.6659 16.963 -0.9999 0.00133285 -0.014078 
19.046 -6.1556 -29.978 -0.00406139 0.0466211 -0.998904 
-30.0942 -6.92671 10.5677 -0.0817026 0.945512 -0.31517 
58.1549 15.2269 22.3451 0.468846 -0.882756 0.0304105 
-12.7784 -15.3392 39.6751 -0.426607 -0.0443233 0.903351 
-40.72 -10.7692 25.948 0.0028918 0.998909 0.0466076 
-32.1032 -33.4825 -12.4345 -0.999961 -0.00808898 -0.00356681 
-14.3152 1.66573 -20.8279 -0.999999 -0.000464923 -0.00143912 
-14.1245 3.91981 21.5797 -0.999505 0.00243817 0.0313562 
-37.3671 -10.7692 21.9232 0.24569 0.957596 0.15049 
58.8356 26.5953 -1.82758 0.976369 -0.215658 0.0140007 
10.3958 -29.3114 -29.978 0.0112442 -0.00183756 -0.999935 
21.3453 -38.0639 -30.4761 -0.0714259 -0.12104 -0.990074 
-32.3218 -36.4323 14.393 -0.9996 0.015314 -0.0237752 
-29.3777 -8.49769 -19.3295 -0.342362 0.915898 -0.20957 
-16.4794 23.8558 0.138117 -0.983669 0.170041 0.0589974 
55.4534 -23.2847 -0.335919 0.999999 -0.000627565 0.00135953 
46.6432 -9.72381 -29.978 0.000308905 -1.44502e-05 -1 
-35.3452 -10.7692 30.1309 0.244952 0.965032 -0.0933412 
16.4143 30.1753 25.1963 -1.52043e-05 0.857892 0.51383 
-44.29 -37.8878 26.0827 -0.965579 0.240066 0.100127 
-17.556 26.5109 -2.2933 -0.999138 -0.0399735 0.0111976 
-14.294 -3.99355 37.9151 -0.919162 0.0098194 0.393758 
55.4898 15.2195 -5.98586 0.688978 -0.724174 0.0296791 
6.20505 37.0761 13.6682 -0.00957258 0.859937 0.510311 
50.6421 30.628 12.9134 0.26166 0.874457 0.408483 
20.3445 16.3534 -35.8017 -0.0498072 -0.557132 -0.828929 
24.5302 26.1035 31.9951 2.87833e-05 0.857954 0.513727 
47.4797 20.274 -31.9446 -8.94877e-05 0.856537 -0.516085 
-32.3218 -19.6837 9.2405 -0.999976 0.00260027 -0.00635529 
16.0476 37.8173 12.4351 -7.38281e-07 0.857934 0.513759 
-16.4515 -16.53 32.639 -0.334225 0.0155979 0.942364 
59.9073 19.6982 36.8589 0.883397 0.468209 0.0197558 
16.1325 16.4942 46.2186 -0.0599046 -0.111678 0.991937 
37.567 -27.7944 39.7041 0.00460385 0.00186619 0.999988 
7.34583 41.4229 5.76056 -0.104508 0.985493 0.133719 
-12.7959 -30.7369 -30.0535 -0.436091 -0.0106806 -0.899839 
36.3426 27.0609 30.3961 7.39205e-06 0.857923 0.513778 
-14.3179 -9.64198 -28.4859 -0.86923 0.0295586 -0.493524 
7.84664 -3.98022 -29.978 0.011998 -0.00829712 -0.999894 
-4.56624 32.2181 10.7276 -0.462157 0.854877 0.235789 
44.786 23.4791 36.3773 -4.81226e-05 0.857986 0.513673 
60.7553 15.2342 20.1107 0.60046 -0.79894 -0.0338039 
-45.623 -12.4951 0.196012 -0.850576 0.131523 -0.509138 
-19.7504 18.5878 18.5985 -0.921839 0.383354 -0.0570353 
-17.8955 15.2294 25.1464 -0.486486 -0.873618 -0.0110709 
-10.4948 16.3976 -36.0067 0.0904795 -0.615457 -0.78296 
2.60706 -4.41567 -29.978 0.0118261 -0.0680028 -0.997615 
-43.2065 -8.70694 23.4038 -0.276877 0.96075 0.0172766 
-30.5456 -39.2852 -22.4179 -0.476329 -0.0654996 -0.876824 
11.5342 -12.3014 -29.978 -0.124034 0.270814 -0.954607 
-11.2986 -30.1919 -30.0371 -0.18494 0.0164051 -0.982613 
-6.76341 -2.01542 -30.0117 0.00625014 -0.000749881 -0.99998 
55.4349 -6.87438 16.3681 1 -4.79335e-05 9.99758e-05 
-7.25659 27.2224 30.0682 -0.094838 0.882414 0.460816 
59.9057 15.2318 23.4595 0.430485 -0.901287 0.048633 
41.4609 -34.5406 -29.9775 -0.00139134 -0.0379554 -0.999278 
-14.3166 -3.9372 -24.68 -1 3.38904e-06 0.000311943 
-4.31409 32.6966 9.21332 -0.40207 0.871874 0.279599 
-32.1037 -16.4691 3.53628 -1 1.62446e-06 -3.15463e-05 
26.0207 -5.09536 -29.978 8.31912e-05 -2.61079e-05 -1 
-19.2119 -7.44143 7.88073 -0.18504 0.978319 0.0930141 
10.9969 26.2818 31.6978 -0.000612342 0.857859 0.513885 
-23.0912 -8.01125 5.52073 -0.178325 0.982463 0.0544606 
-17.1871 -10.7692 -25.2408 -0.291348 -0.395948 -0.870828 
-32.1036 -32.1491 -0.939151 -0.959015 0.0485669 -0.279162 
-4.14839 4.0865 -29.9915 -0.00845341 0.0226117 -0.999709 
-15.1599 22.7835 -5.61174 -0.819013 0.547486 -0.171686 
27.4141 -11.6419 -30.9812 0.164615 0.295308 -0.941114 
-20.164 18.2094 -11.8858 -0.980184 0.194217 0.0389645 
-15.0983 22.8396 -3.70357 -0.818978 0.571009 -0.0567696 
41.4736 31.9598 -12.5515 0.00418248 0.857754 -0.514043 
-31.6519 -39.3099 -7.92095 -0.997448 -0.0713862 -0.00106081 
-35.3035 -37.9696 32.1066 -0.00732636 0.148222 0.988927 
2.11615 18.3607 44.8899 -0.0428535 0.56092 0.82676 
-13.3329 26.7665 -0.695513 0.317383 0.947657 -0.034852 
-41.7731 -39.7066 -0.6541 -0.0583543 0.228718 -0.971742 
-13.7007 26.7665 -3.52178 -0.490164 0.8149 0.309316 
55.4349 -22.0396 -6.33244 0.999936 0.000186791 0.011352 
-1.71669 32.9856 -10.883 -0.184853 0.89109 -0.414472 
-1.83131 28.4434 -18.4268 0.00159296 0.856672 -0.515858 
55.4141 -21.4407 -14.7685 0.999933 -0.0106445 -0.00458568 
-19.4563 -6.80453 3.81744 -0.239159 0.95823 0.156835 
55.437 -15.5067 -24.1028 1 4.04916e-05 0.000199173 
16.364 -15.3943 -30.7479 0.0850948 -0.324294 -0.942121 
20.4439 -12.2817 -33.1323 0.139644 0.886569 -0.441016 
-15.4298 26.5856 18.0791 -0.440157 0.368028 0.819035 
-27.4209 -20.8647 32.6344 -0.0360567 0.00288127 0.999346 
-2.75622 34.1205 2.13373 -0.44412 0.88162 -0.1597 
-38.2754 -37.9369 -0.930637 -0.00430635 0.0790702 -0.99686 
-33.3913 -9.75022 -1.08411 -0.173728 0.976689 -0.126088 
60.7868 15.2343 39.1678 0.664943 -0.745902 0.0384946 
-14.31 0.445362 -6.43401 -0.999999 0.00153352 -0.000568309 
45.6754 -29.0803 -29.9572 -0.00221993 0.00254814 -0.999994 
-8.68437 34.3777 8.23622 -0.0635862 0.888578 0.454296 
21.0715 38.8302 -1.14904 -1.22741e-05 0.856531 -0.516095 
-33.3992 -10.7692 33.0824 0.164647 0.986353 -0.000191827 
23.1649 -10.3108 -29.8647 0.0137362 0.142289 -0.98973 
55.4534 -18.8724 1.89975 0.999993 0.0034511 0.00163563 
19.073 41.4177 4.91915 0.0345033 0.997788 0.0568219 
24.2317 -8.01163 -29.978 -0.00946979 0.132449 -0.991145 
-32.1043 -26.6811 20.9534 -0.99998 0.000993931 0.00621643 
-0.562247 13.9332 39.7156 -0.00594858 -0.397699 0.917497 
17.2361 15.2226 40.9258 -0.0101267 -0.755701 0.654839 
47.9858 -8.95536 39.7526 -0.000452265 5.64231e-05 1 
57.6066 28.4016 7.8738 0.976435 0.21092 0.045681 
55.4349 -34.3657 10.8921 0.999588 -0.0277129 0.00753998 
55.4349 -33.7779 -8.7164 0.999851 -0.017101 0.00238799 
15.566 -15.011 39.7525 -0.000133574 8.03678e-05 1 
-5.51038 34.2973 7.49979 -0.0862559 0.938195 0.335185 
42.8349 19.9801 -32.4329 0.0231172 0.765582 -0.642923 
28.626 -9.81064 39.7525 -0.000199436 5.54255e-05 1 
-8.38875 28.9722 0.599998 -0.757682 0.64417 0.104706 
4.57021 40.4663 2.4482 -0.36407 0.90848 -0.205225 
-15.1439 22.6982 16.6534 -0.852654 0.522431 -0.00691025 
8.11821 34.4909 17.9893 -0.000947344 0.857865 0.513875 
-45.5025 -31.8996 22.6796 -0.571288 0.0184509 0.820542 
33.0285 -36.9143 -29.9778 0.113378 -0.02303 -0.993285 
-31.6519 -38.9105 -8.99907 -0.996908 -0.07857 -0.00035894 
55.9101 16.2478 45.4271 0.0202215 -0.445357 0.895125 
-17.4646 20.6769 -8.15862 -0.712974 0.699664 -0.0462425 
-11.6571 26.0777 -1.07102 -0.435487 0.899786 0.0271436 
49.8497 29.1656 15.5163 0.514862 0.834502 0.196277 
-24.6638 -11.8008 35.8234 -0.00328664 -0.739628 0.673007 
-17.2297 28.1131 18.0797 -0.569664 0.461811 0.679863 
-19.0076 -9.82641 -25.7984 -0.0748833 0.993747 -0.0828253 
32.307 -18.6639 39.7525 -0.00452884 0.000634151 0.99999 
55.4349 -10.2993 -13.542 1 2.55555e-05 1.86725e-05 
-18.9966 19.2765 -24.69 -0.86989 0.493179 -0.00817244 
41.0681 -36.8766 -29.9773 -0.00525759 -0.0916276 -0.995779 
10.5004 1.93913 -29.978 0.0033146 0.000397112 -0.999994 
39.9696 15.2225 -31.1054 -0.0570969 -0.721535 -0.690019 
25.036 -2.42786 39.7525 -0.000225452 4.41592e-05 1 
-14.3316 -16.9593 32.6399 -0.673996 0.0279049 0.738208 
-31.6352 -7.43815 8.29536 -0.161884 0.9358 -0.313166 
46.326 10.7682 39.7526 0.00708443 -0.0588747 0.99824 
18.6089 -4.20668 -29.978 9.56035e-05 -2.23161e-05 -1 
57.758 16.2237 45.4271 0.14868 -0.742165 0.653517 
-20.4372 -11.1925 32.6373 0.0421309 0.501461 0.864154 
8.32618 29.8174 25.79 -0.00121565 0.85781 0.513965 
19.5041 -5.54544 -29.978 -0.000709004 0.0205236 -0.999789 
-7.46202 -4.50104 -30.0138 0.00771717 -0.00138125 -0.999969 
20.9073 -8.33412 -29.978 -0.0318031 0.152492 -0.987793 
50.588 -36.5144 39.7525 0.0174734 -0.106095 0.994202 
-13.0975 24.6683 4.9585 -0.50672 0.858384 0.0800787 
49.4725 -29.2435 -29.9773 0.00883429 -0.000590098 -0.999961 
-43.898 -30.3204 30.6952 -0.475575 -0.0520105 0.878137 
59.0199 26.419 5.91735 0.991018 -0.123397 -0.0515421 
-19.4564 -14.8958 -22.6407 0.00259418 -0.165754 -0.986164 
27.2273 -11.8704 -29.978 0.0262532 0.129162 -0.991276 
-14.2485 -5.34442 22.3517 -0.974423 0.223882 0.0193826 
19.1327 -36.8362 39.7525 0.00790019 -0.102521 0.994699 
15.9801 22.4126 38.1587 2.219e-06 0.857867 0.513871 
18.6646 41.4194 5.39459 0.0358995 0.992422 0.117515 
55.4349 10.6248 18.9791 0.999567 -0.0290718 0.00444953 
-14.1912 -37.9813 35.2427 -0.935077 -0.156771 0.317889 
-32.1037 -12.7406 5.40614 -0.996696 -0.0734339 -0.0346996 
19.8914 -8.94539 -29.978 -0.0296041 0.17647 -0.983861 
-32.5882 -10.7692 -0.211485 -0.208725 0.969568 -0.127952 
-45.9952 -38.7388 5.42027 -0.95703 0.227707 -0.179565 
46.295 -3.30705 -29.978 -1.53545e-05 0.0074027 -0.999973 
-32.1044 -14.2579 25.1609 -0.986628 -0.162826 -0.00725996 
-20.6644 -10.9266 -26.1176 0.00878338 -0.874438 -0.485058 
3.27767 -28.5028 -29.9296 -0.00401729 0.000358851 -0.999992 
-19.4492 18.8627 -10.9148 -0.933453 0.357866 0.0244595 
-17.9443 15.2295 11.0336 -0.518038 -0.854152 0.0454002 
55.4349 -15.0703 34.6918 1 -4.86733e-05 0.000138142 
20.9513 33.8993 -7.99826 0.0333287 0.847147 -0.530313 
51.2235 28.3817 -6.64321 0.578334 0.80682 -0.120711 
-14.2976 0.859083 28.1302 -0.999846 0.00337117 -0.0172435 
19.5787 25.0574 33.7423 2.18815e-05 0.85789 0.513833 
-32.1033 -32.7534 -9.78784 -0.999829 -0.0179654 -0.00435146 
22.9673 -15.8705 -38.5341 0.0136755 0.758244 -0.651828 
55.4349 -0.856532 9.92736 1 -1.04759e-06 4.52538e-05 
56.2205 30.9613 6.13618 0.753662 0.656838 -0.0236128 
-1.91719 34.8874 8.52657 -0.54991 0.827863 0.11064 
-21.5636 -7.29448 3.48629 -0.247552 0.957175 0.150115 
-14.3093 9.38605 -4.28255 -1 1.96641e-06 0.000362391 
-1.43547 35.7046 5.59797 -0.522088 0.852769 0.014442 
-32.3545 -29.4898 -10.3097 -0.99986 -0.0153573 -0.00670966 
23.1023 -38.0639 -29.6548 -0.0168719 -0.121197 -0.992485 
18.7571 -4.41161 39.7525 -0.000151446 3.61879e-05 1 
49.5053 32.3763 9.80167 0.129509 0.914248 0.383898 
54.7772 24.8274 4.82549 0.5823 0.812038 0.0390043 
-28.8958 -8.35721 -17.459 -0.319065 0.946991 -0.037499 
-32.1034 -32.5157 -6.68534 -0.999788 -0.0201669 0.00412737 
6.26349 9.80418 -29.978 -0.00268348 -0.00462465 -0.999986 
-28.0196 -33.2424 -22.6435 -0.0898339 -0.0253703 -0.995634 
8.41555 -9.39721 39.7525 -5.01205e-05 7.29883e-05 1 
-13.5656 24.2432 30.8656 -0.580404 0.807671 0.10392 
50.4787 33.0351 8.62908 0.0672324 0.917139 0.392855 
-43.898 -18.5986 29.2681 -0.998485 0.0234633 -0.0497686 
-9.53329 26.9484 29.8337 -0.33463 0.892034 0.303805 
-14.3183 -5.79265 -29.5212 -0.859673 0.021452 -0.510394 
-16.839 25.4865 3.40834 -0.998232 -0.0594377 -0.000719958 
55.4349 -3.31307 26.5541 0.999926 0.0108024 -0.00564764 
55.4371 -11.0245 -24.4337 1 4.66087e-05 0.000277118 
0.410229 19.7932 42.4933 -0.0200321 0.707355 0.706574 
7.84298 11.1584 -29.978 -0.00231697 -0.102475 -0.994733 
59.1997 27.6278 -7.12087 0.812844 0.411057 -0.412695 
-4.99671 -28.5816 39.7317 -0.00118997 -0.00108074 0.999999 
-32.1044 -25.14 28.0966 0.999437 -0.0177341 -0.0284669 
-12.2181 31.6152 11.7413 -0.256102 0.827867 0.499047 
-5.96817 24.7223 34.2452 -0.0033871 0.858347 0.513058 
38.6982 -21.2477 39.7041 -0.00596324 -0.000236188 0.999982 
-44.6063 -10.7692 16.063 -0.226573 0.973891 -0.0141994 
40.4789 31.7826 22.5113 -0.000132595 0.857966 0.513706 
-16.3773 -27.4698 -22.6396 -0.380176 -0.00386176 -0.924906 
55.4141 -24.4568 24.9297 0.999895 0.000979723 -0.0144476 
-41.922 -30.3712 0.1142 -0.185147 -0.0115169 -0.982643 
5.50873 -26.4381 -29.9296 0.00328746 6.52916e-05 -0.999995 
50.9307 -6.66942 -29.9766 0.0366549 -0.0019885 -0.999326 
11.8939 28.4202 -18.4261 0.000548224 0.856544 -0.516074 
55.1492 -38.2206 -22.5246 0.994092 -0.108483 0.00369896 
15.9451 -26.619 -30.2051 -0.00446295 0.000205851 -0.99999 
-13.4125 -1.69817 -30.0632 -0.561571 -0.00235717 -0.827425 
-14.4549 29.409 16.1117 -0.204646 0.824147 0.528112 
53.4622 28.1389 18.3986 0.25009 0.863794 0.437396 
-20.684 16.4824 31.7019 -0.973372 -0.228457 -0.0188193 
-23.9268 -36.9602 32.6358 -0.00112548 -0.0778439 0.996965 
52.5319 26.5097 5.55231 0.643834 0.764638 0.0284028 
-14.6604 -34.2573 -22.639 -0.688305 -0.0270568 -0.724917 
38.7514 -1.68876 -29.978 0.00071587 0.00577079 -0.999983 
9.37163 40.3031 1.29625 -0.00916019 0.897368 -0.441188 
18.6831 29.246 26.748 -1.46652e-05 0.857954 0.513726 
55.4349 -0.675957 -4.29454 1 1.47541e-06 -1.3372e-05 
-35.213 -37.8878 29.4733 0.334469 0.141827 0.931673 
55.4349 -10.107 -3.41121 1 -9.28932e-05 -2.49614e-05 
43.6744 35.9286 4.37278 0.580504 0.813749 -0.0287506 
58.2584 21.3496 -21.6525 0.705767 0.708441 -0.00218019 
27.0979 -15.7415 -29.978 -0.0556779 -0.0992696 -0.993502 
20.9574 17.487 46.3836 -0.00975333 0.313891 0.949409 
55.4349 -5.21333 -5.27541 1 1.61847e-05 4.92006e-06 
-14.3136 13.0632 -16.2218 -0.938845 -0.344337 0.00136539 
61.9379 16.5045 13.845 0.934415 -0.355235 0.0260328 
-37.2245 -37.8878 12.6299 -0.00033806 1 0.000135976 
-14.3045 9.60357 8.93221 -1 -1.29945e-05 0.000357845 
-8.25567 -17.5311 -30.0038 0.0052695 0.00307933 -0.999981 
62.2281 17.0863 5.03988 0.999631 0.0264663 0.00606516 
-2.21401 15.2235 41.1909 -0.0366643 -0.686963 0.725766 
58.9998 20.6061 -6.43718 0.756351 0.654166 8.75288e-05 
-44.5922 -37.2837 7.63392 0.981363 -0.173289 0.0830539 
12.1294 -5.71111 39.7525 -6.57352e-05 5.40897e-05 1 
-44.3576 -37.8878 12.1627 -0.480935 0.874082 0.0684313 
36.7 -17.13 -29.978 0.0118105 -0.00141152 -0.999929 
-32.3218 -17.7135 13.2823 -0.999979 0.00479781 0.00442442 
55.4349 10.9686 -8.20275 0.997286 -0.0735913 -0.00211749 
36.8641 11.5098 -29.978 -0.0146282 -0.131897 -0.991156 
-32.1045 -20.9876 29.8715 -0.960878 -0.017626 0.27641 
10.5934 12.0314 -29.978 0.0114932 -0.206623 -0.978353 
-25.9899 -7.68134 -17.73 -0.127814 0.980795 -0.147326 
25.0846 15.2238 41.3743 -0.0264445 -0.760861 0.648376 
36.2985 37.4104 13.1133 0.00772967 0.86018 0.509931 
21.5351 -39.9956 -35.5792 -0.0100433 0.866973 -0.498254 
55.4349 13.3973 -8.81224 0.921977 -0.387135 -0.00922284 
25.9835 -34.1562 39.7525 -6.19793e-05 -0.0241464 0.999708 
-13.2185 31.0423 11.044 -0.493244 0.766563 0.411208 
23.0605 46.7339 -6.7612 0.477949 0.290632 0.828914 
3.59279 22.877 37.3574 -0.00173855 0.857817 0.513953 
16.6132 -34.3187 39.7525 0.000198078 -0.0223453 0.99975 
-29.5484 -10.7692 34.2914 0.000455181 -0.976556 0.215261 
43.2498 36.354 -2.86979 0.605499 0.788259 -0.10963 
55.4385 -27.7382 -24.9217 1 0.000111606 0.000709797 
-3.24047 33.6782 10.5915 -0.553379 0.815146 0.171199 
-15.0396 15.2213 -22.3194 -0.503375 -0.864068 0.000290853 
-10.0558 14.0433 -30.0417 -0.0861983 -0.536044 -0.839778 
-33.3694 -5.89289 13.6063 -0.112933 0.963398 -0.243126 
-2.02813 -21.5109 39.7318 -0.0020572 -0.00609621 0.999979 
-14.2946 10.8999 36.5819 -0.97394 -0.0149459 0.226311 
15.0956 35.8644 15.6963 4.34992e-05 0.857927 0.513772 
60.4432 17.7045 -35.6295 0.547269 0.326814 -0.770512 
19.9119 15.2271 -32.7839 -0.00626185 -0.83977 -0.542906 
62.2281 16.7213 16.1045 0.962603 -0.26713 0.0451231 
-32.1133 -26.3515 15.5209 -0.99996 -4.57748e-06 -0.00890845 
23.7865 41.3987 6.45412 -0.00999869 0.970773 0.239793 
-15.2918 15.2221 -13.0088 -0.478191 -0.878255 0.000792062 
22.1929 -10.1398 -30.0312 -0.0130423 0.175774 -0.984344 
-14.1341 26.7082 -8.58 -0.324511 0.594357 -0.735821 
-3.45163 25.2967 33.295 -0.00173579 0.857841 0.513911 
2.289 29.8012 -16.1592 0.00159688 0.856695 -0.515821 
20.4994 38.6547 11.0364 5.37517e-05 0.857938 0.513753 
25.3384 38.9217 -0.997394 -7.82542e-05 0.856628 -0.515935 
24.8515 23.8559 -26.0016 -4.79775e-05 0.856524 -0.516106 
-14.3054 10.9604 6.6327 -0.996332 -0.0837705 -0.0174567 
23.8273 32.1142 -12.2956 0.00831095 0.817309 -0.576139 
-1.88009 21.6573 39.3744 -0.00173274 0.857842 0.51391 
-43.898 -11.6105 30.3 -0.659849 0.729903 0.178441 
25.4509 -15.0387 -29.978 0.0142524 0.112371 0.993564 
56.2371 23.3682 27.0436 0.707043 0.707171 1.18585e-05 
-44.6697 -9.20039 3.42641 -0.32645 0.93929 -0.105667 
55.4141 -22.4056 -11.6834 0.999954 -0.00407274 -0.00873504 
56.0042 23.6011 9.4361 0.684959 0.719413 -0.115224 
-45.2973 -37.8878 28.0004 -0.973976 0.214348 0.0736634 
21.5724 18.7308 44.3067 -0.0126517 0.619807 0.784653 
60.1281 19.4805 -24.0992 0.901956 0.431206 0.0231574 
-14.3272 -4.50091 -11.6433 -0.893234 0.435429 -0.111957 
-6.36581 -2.64038 -30.0086 0.00449292 -0.00146618 -0.999989 
60.0334 19.574 -15.8122 0.896181 0.443621 -0.00778882 
-27.0002 -10.8086 -26.1178 -0.0392749 -0.992296 -0.117501 
-46.0613 -10.7692 -0.382023 -0.704246 0.402972 -0.58451 
-32.1133 -32.2182 17.6093 -0.999914 0.00736027 -0.0108115 
19.6358 19.8017 -32.7304 -0.0491934 0.719423 -0.692828 
50.2073 29.3967 2.72615 0.818048 0.558216 0.138535 
-8.26264 -20.4473 39.7288 -0.0133561 0.000969801 0.99991 
43.1952 -27.5932 -29.9572 -0.0041952 0.00790729 -0.99996 
-32.1037 -31.0034 1.04465 -0.975607 0.12872 0.177828 
55.4349 -13.9464 -11.6866 0.999984 0.00542222 0.00176289 
55.4349 -5.41247 32.1304 1 -4.14042e-05 0.00041814 
16.6992 -38.0639 -30.1609 -0.0290951 -0.235782 -0.97137 
8.00996 9.91023 -29.978 0.0035295 0.000217553 -0.999994 
-27.6357 -7.98099 -2.77927 -0.275493 0.958807 0.0692354 
-43.4538 -8.79035 14.4184 -0.319291 0.947597 0.0106131 
13.2511 15.223 41.0814 -0.0851897 -0.787061 0.610965 
-20.9757 -7.22266 12.9494 0.0811203 0.973199 -0.215182 
-19.6132 17.0265 -36.2694 -0.640907 -0.258098 -0.722927 
10.3534 -35.8523 -29.978 -0.0322797 0.0613534 -0.997594 
-32.1042 -22.1877 20.9769 -0.999978 0.000972278 0.0065431 
35.7872 -3.28201 -29.978 -0.0036088 -0.00229092 -0.999991 
-17.7691 -10.7692 34.8282 -0.116175 -0.866508 0.485456 
35.483 -33.0707 39.7526 -0.000723142 -0.00482593 0.999988 
-32.1037 -18.1164 2.90469 -1 2.1847e-05 -2.93898e-05 
-8.99755 -12.9383 39.7201 -0.0106308 1.41681e-05 0.999943 
-41.8412 -10.7692 2.29617 -0.165072 0.959675 -0.22754 
-16.0347 15.231 43.9093 -0.0534786 -0.873142 0.484523 
-13.5128 0.0793664 -30.064 -0.566212 0.0220402 -0.823965 
-39.6007 -31.5871 0.0818 -0.0264125 0.00657679 -0.999629 
-9.196 14.1495 -30.0404 0.0208006 -0.449906 -0.892834 
15.5628 -2.24744 39.7525 -0.00018124 2.04438e-05 1 
48.0911 5.16907 39.7526 0.00376786 -8.75475e-06 0.999993 
-19.8738 18.4747 -12.9834 -0.97181 0.23538 0.0134603 
4.47346 18.5578 -34.825 -0.0508013 0.60937 -0.791257 
-33.3113 -32.9311 1.1485 -0.774674 0.113062 0.622171 
49.2113 30.3936 21.245 0.63553 0.767655 0.0825104 
-0.0937754 -6.83395 -29.978 0.000204554 -0.00697321 -0.999976 
-14.3035 2.52304 11.6467 -1 -4.6753e-06 0.000356648 
7.95084 -12.5486 -29.978 -0.0612017 0.0413528 -0.997268 
30.6872 -28.1846 -29.978 0.0120522 0.000916763 -0.999927 
-32.3218 -28.357 20.0483 -0.999998 0.000831949 0.00203013 
-17.4396 19.1609 43.1803 -0.349332 0.783156 0.514426 
-17.3247 26.8161 17.6232 -0.73577 0.123335 0.665906 
52.6953 26.5849 -8.3934 0.595268 0.79871 -0.0878525 
-29.9962 -38.9851 -22.4179 -0.372708 -0.0660793 -0.925593 
-15.2264 15.2219 1.1668 -0.515968 -0.855004 0.0524007 
30.8143 37.0282 13.7518 7.74362e-05 0.857928 0.51377 
55.4141 -23.1952 17.2241 0.999939 -0.00574807 0.00942755 
51.2494 28.4809 16.7805 0.486626 0.852018 0.193032 
52.3119 28.0545 17.494 0.415233 0.884052 0.214555 
41.0921 -31.301 39.959 0.00127141 0.00279024 0.999995 
-32.1037 -25.1433 1.87217 -0.999529 0.0290751 0.00977526 
-32.1031 -22.0405 -14.1241 -0.999758 0.00132501 -0.0219614 
36.8309 -5.14579 39.7525 0.00119436 0.00362688 0.999993 
27.6677 1.79157 39.7525 -0.000232386 1.08785e-05 1 
-2.92729 34.6054 2.7389 -0.377968 0.90714 -0.185036 
18.5497 -32.8893 -29.9965 0.00882913 0.00565974 -0.999945 
55.4349 5.41904 -3.2327 1 5.64825e-05 -4.23465e-05 
55.4534 -26.6959 4.98292 0.999992 0.000658975 -0.0039764 
33.7256 -29.5433 39.959 -0.000161543 0.00336147 0.999994 
-14.3167 6.8158 -24.9098 -1 -8.13225e-06 0.00036552 
50.6455 28.9594 8.43407 0.83559 0.539585 -0.103135 
-14.3043 7.53781 9.46519 -1 8.17912e-07 0.000356124 
60.9451 15.2347 7.25276 0.727232 -0.685915 0.0255735 
26.9063 -23.19 39.7525 -0.000185264 0.000159131 1 
20.8406 -39.9956 -34.0957 -0.00885965 0.931683 -0.363164 
16.8674 -32.5394 39.7525 -5.05528e-05 0.000313911 1 
19.9198 15.5818 45.4271 0.00360002 -0.743702 0.668501 
-40.6669 -37.8878 2.30291 -0.129244 -0.991608 -0.00303138 
-17.4435 -7.68817 12.7464 -0.220381 0.974272 -0.0471714 
13.3431 29.2795 -16.9998 0.000148759 0.856555 -0.516056 
20.0276 39.915 0.651466 -0.00994881 0.8833 -0.468703 
-15.328 26.7665 5.50636 -0.910586 -0.409124 -0.0587446 
22.3436 6.28166 -29.978 2.8671e-05 1.22152e-05 -1 
32.7106 26.6663 31.055 -1.32305e-05 0.857908 0.513804 
56.6936 22.9116 -3.30055 0.808577 0.587476 -0.0328089 
12.0996 -21.0303 -29.978 -0.00298427 -0.00581502 -0.999979 
-32.1497 -20.7002 -7.69192 -0.999912 -0.0126031 0.00409642 
51.0773 30.5162 14.1363 0.284622 0.867224 0.408551 
-13.5627 26.7665 0.05762 0.320292 0.947041 -0.022944 
33.8246 29.9363 25.5943 9.72411e-06 0.857905 0.513808 
55.4349 0.978859 30.1664 0.999985 0.00305312 -0.0045657 
46.5506 27.9997 28.8284 0.0231179 0.864635 0.501869 
52.4947 26.5463 -5.0471 0.714126 0.684014 0.148822 
-6.40192 14.1218 -30.0315 0.00332214 -0.518844 -0.854862 
-3.79762 33.1688 9.8685 -0.489318 0.851227 0.189683 
-14.9906 -24.7504 32.6396 -0.723574 0.0148581 0.690087 
52.7191 26.3258 -3.9891 0.763464 0.637684 0.102378 
56.419 29.1844 -5.88241 0.205149 0.862707 -0.462223 
-7.7082 34.7305 3.93253 -0.022941 0.976496 -0.21431 
4.01924 -25.4304 39.7525 0.00897659 0.00304872 0.999955 
13.8286 -15.1779 -29.8647 0.289256 -0.236135 -0.92767 
58.4897 21.1157 31.342 0.706722 0.707491 0.00033876 
-34.3716 -10.6221 -17.2837 -0.934359 0.355104 -0.0295801 
-17.7482 15.229 29.7897 -0.524723 -0.85084 -0.0271531 
-14.2957 -22.6866 33.2725 -0.863579 -0.0295033 0.50335 
49.4114 32.1888 11.1376 0.20238 0.90472 0.374866 
35.3188 9.88371 39.8346 0.00502544 -0.00700371 0.999963 
-16.6549 -10.7692 -23.8115 -0.312018 0.243604 -0.918315 
-46.1898 -10.8 8.82971 -0.324614 0.945842 0.00284064 
-15.5197 -10.8086 32.6394 -0.812627 0.2398 0.531163 
-35.1172 -5.9789 18.3405 -0.323443 0.946247 0.000542688 
55.4369 -12.8243 -23.91 1 -1.3617e-05 0.000297466 
54.7772 -38.9251 10.5821 0.993363 -0.115007 0.00182624 
-2.93336 -0.511811 -29.9821 -0.049251 -0.00136638 -0.998785 
0.668103 -1.12593 -29.6468 -0.0256993 -0.0316572 -0.999168 
55.4483 -27.984 27.5139 0.999996 0.00252881 -0.00110751 
-1.52344 30.4205 -15.1425 -0.0156798 0.861222 -0.507987 
45.41 16.5598 -36.7137 0.0167538 -0.162508 -0.986565 
27.3606 -2.37232 39.7525 -0.000159169 1.86906e-05 1 
51.655 -15.5025 39.7526 0.136283 -0.0158016 0.990544 
14.464 11.0599 39.7525 0.00969287 -0.102731 0.994662 
-2.49169 -22.9387 39.7317 0.000177709 0.000712814 1 
55.4349 -5.91796 23.4955 0.999979 -0.00654096 8.20084e-05 
37.6467 27.8854 -19.3137 -4.31548e-06 0.856537 -0.516086 
55.4534 -20.5176 -0.230297 0.999999 0.00165062 -0.000255274 
14.642 33.3517 19.8922 3.66741e-05 0.857931 0.513765 
43.8523 8.75211 -29.8217 -0.00139798 -0.0244767 -0.999699 
2.21204 -16.3248 39.7525 0.00386496 0.00322857 0.999987 
-10.8305 -37.5844 -30.0549 -0.205452 -0.157265 -0.965949 
39.6325 36.5661 14.5233 0.114184 0.880113 0.460829 
-10.8045 34.1846 3.81525 -0.461501 0.881882 -0.0964361 
-0.836857 15.2279 42.7643 -0.0332483 -0.809459 0.586234 
-14.318 8.28957 -28.4657 -0.870346 -0.033807 -0.49128 
-25.3138 -10.3362 36.2825 0.0145464 0.98543 0.169459 
-14.2946 -17.777 36.4469 -0.955837 0.0078206 0.293795 
0.37191 36.9804 11.6023 -0.529858 0.833191 0.158252 
-14.3179 8.62104 -28.3091 -0.88713 -0.0281989 -0.460658 
21.5224 -15.4212 -38.5291 -0.00313107 0.760009 -0.649905 
3.26434 31.6641 22.6908 -0.00173088 0.857745 0.514073 
57.2933 22.3121 20.6613 0.72872 0.682608 0.0548997 
50.6156 22.7329 37.6235 0.00460737 0.859294 0.511462 
21.7787 -18.0104 -30.205 -0.0452514 -0.143644 -0.988594 
-16.298 -4.71851 -6.02698 -0.571633 0.819689 -0.0366857 
-32.1032 -14.0033 -10.8572 -0.980762 -0.19483 -0.0121545 
3.6632 31.7465 22.5546 -0.00173495 0.857773 0.514026 
-18.4812 17.9337 45.4886 -0.346601 0.642725 0.683208 
-44.3727 -10.7692 35.4142 -0.10691 0.992161 0.0647099 
56.2303 16.76 46.5663 0.00672907 -0.0825548 0.996564 
8.00255 39.3985 9.79512 -0.0242121 0.868686 0.494772 
-8.94834 28.4023 -8.38248 -0.512883 0.845754 -0.147143 
1.67473 -6.25411 -29.978 -0.00228918 -0.0255899 -0.99967 
-17.9105 15.2294 -3.10416 -0.459035 -0.887312 -0.0443095 
-32.103 -34.7051 -19.9809 -0.967694 -0.0254394 -0.250842 
17.1865 -39.5361 -29.29 0.00249378 0.311724 0.950169 
24.3476 38.1619 -9.62038 0.968441 0.044644 -0.245214 
12.9851 27.5526 -19.866 0.000336245 0.856573 -0.516025 
55.4349 -32.2758 13.8225 0.999991 -0.00314471 0.00290532 
55.7206 23.8847 22.424 0.709017 0.705176 0.00458466 
16.0984 18.5011 44.6902 -0.0653714 0.490598 0.86893 
47.5592 20.9753 -30.7808 -4.51196e-05 0.856535 -0.516089 
55.4369 -15.5539 -23.7464 1 -1.83276e-07 0.0002465 
30.5578 6.15668 -29.978 0.000153111 4.20772e-06 -1 
12.7912 19.9202 42.3205 -0.0381282 0.715429 0.697644 
2.92629 2.90599 -29.8217 0.0144339 0.0888946 -0.995937 
-39.4565 -33.6346 30.7346 -0.00722477 -0.0307603 0.999501 
29.8707 23.8476 35.762 -3.27701e-05 0.857927 0.513772 
30.3335 -20.0994 -29.978 -0.0196365 -0.0590548 -0.998062 
-14.295 -22.3081 35.0676 -0.963111 0.00894667 0.268956 
38.5912 -25.6057 39.7041 -0.00672244 -0.00632013 0.999957 
-38.9221 -37.8878 8.97595 0.000315749 -1 -8.05631e-05 
51.7142 1.43388 -29.9762 0.144069 0.0125402 -0.989488 
40.2172 -2.2717 -30.2346 0.00444187 0.00852864 -0.999954 
55.4382 7.52005 -27.6558 0.944422 -0.0112843 -0.328541 
54.0627 -32.3838 39.7525 0.570752 0.0208722 0.820857 
-15.5347 30.076 9.89564 -0.771066 0.635762 0.0355521 
2.97053 0.664291 -31.6709 0.0441445 0.046535 -0.997941 
-19.5856 18.738 13.7999 -0.915806 0.400959 -0.0230328 
26.8222 -36.7232 -30.205 0.020535 0.144452 -0.989299 
55.4349 -16.4452 16.7413 0.99999 0.00454049 -0.000502679 
-6.6457 18.9764 -34.164 0.0502784 0.645875 -0.761786 
55.4366 4.68204 -22.8864 1 -1.03913e-05 0.000348469 
45.0528 34.5518 12.3441 0.67872 0.733277 0.0405336 
31.09 -14.7177 -35.3526 0.309144 0.946884 -0.0885448 
37.0474 41.4196 4.14721 0.239792 0.965583 -0.100747 
-22.2148 -11.5955 36.062 0.0146717 -0.771008 0.636656 
-32.1033 -11.6879 -7.96452 -0.9949 0.0976725 0.0251727 
-17.2276 15.2275 -18.0786 0.539577 0.841024 0.0391924 
19.6597 15.2274 -32.8659 -0.0149957 -0.834713 -0.550481 
-32.1044 -32.9357 23.7042 0.999893 -0.000200597 -0.0146366 
-4.69092 -34.172 -29.9986 -0.000610652 -0.0313879 -0.999507 
55.4141 -24.9607 -12.7886 0.999978 0.000857374 -0.00661691 
57.5331 22.0721 -3.3061 0.885064 0.464589 -0.0286212 
44.5503 31.3977 23.154 0.0814564 0.876669 0.474148 
-41.5568 -11.3715 -1.41333 -0.140003 0.654711 -0.7428 
-13.3356 24.4511 -13.2747 -0.677792 0.735188 -0.00981238 
55.438 -21.3945 -26.8234 0.984703 0.00575432 -0.174148 
39.7492 38.757 -0.965957 0.332261 0.88114 -0.336446 
-13.1366 24.6326 -0.851165 -0.43811 0.898693 0.0202436 
23.0437 -17.1435 39.7525 -0.000152699 0.000136484 1 
2.48862 34.0093 18.7742 -0.0208731 0.862092 0.506321 
-26.7046 -39.0814 32.1505 -0.016693 -0.0753216 0.99702 
9.17968 -12.1441 -29.978 -0.1131 0.133746 -0.984541 
-14.314 -5.19971 -17.502 -0.953398 0.292856 -0.0725779 
23.5687 4.9216 -29.978 7.65872e-05 1.11829e-05 -1 
-32.3335 -10.7692 24.6993 -0.999712 0.0233425 0.00555697 
46.3719 34.8666 5.36913 0.290374 0.950159 0.113491 
-43.3049 -37.8878 18.0073 -0.396118 0.918199 -0.000814083 
21.8262 16.5413 -36.6336 -0.0625749 -0.451346 -0.890153 
17.6025 33.0206 -10.7909 -0.0153811 0.81579 -0.578143 
-14.2941 -33.6162 37.7397 -0.900073 -0.0384368 0.43404 
-31.3704 -13.3081 32.6328 -0.583511 -0.45607 0.671949 
-14.2617 -7.7258 27.7049 -0.833938 0.550064 0.044466 
-29.2732 -8.74368 32.3952 -0.0696766 0.908413 0.412226 
-4.69487 5.27131 39.5963 0.0292537 0.000114281 0.999572 
-38.8153 -37.8878 18.696 -0.000422554 1 0.00018601 
55.4384 -2.04198 -28.3241 0.895345 0.00734541 -0.445312 
-7.27049 -0.728096 -30.0157 0.00776036 -0.000341263 -0.99997 
40.3351 24.3507 -25.1797 0.000104208 0.856496 -0.516153 
55.4349 9.50659 0.688672 1 6.56023e-05 1.05821e-05 
54.1784 30.1248 13.8828 0.147217 0.877346 0.456717 
-31.6519 -38.9847 25.7012 -0.968628 -0.244936 -0.0420347 
-40.3233 -37.8878 1.14254 -0.0965304 0.0660863 -0.993134 
30.1954 4.35432 39.7525 -0.000236149 -2.10314e-05 1 
-33.6225 -11.4854 -20.6839 -0.951016 -0.293676 -0.0965527 
-33.5791 -8.70354 32.2686 0.0478779 0.978759 0.199345 
28.9446 -35.9363 39.7525 -0.00251125 -0.079621 0.996822 
44.0783 -22.7119 39.7041 0.00370895 -0.00315493 0.999988 
-30.9621 -10.7692 33.9403 -0.0863334 -0.961206 0.261971 
-36.0422 -9.57816 0.0108851 0.00157179 0.978818 -0.204727 
60.4833 19.1264 -31.068 0.771068 0.586313 -0.248378 
55.4396 -37.079 -17.6426 0.995481 -0.0945702 -0.00863107 
61.6357 16.4381 5.60208 0.955301 -0.293117 0.0385116 
11.4587 15.2328 -34.8146 0.0176205 0.880626 0.473485 
-13.2433 31.0226 9.09631 -0.708661 0.688819 0.152735 
-9.29906 30.8614 -3.97365 -0.151043 0.869626 -0.47004 
-34.0855 -37.8878 9.0535 0.568075 0.819202 -0.0787311 
20.3819 18.5605 -34.7905 -0.0782606 0.565568 -0.82098 
18.7201 -30.092 -29.9965 0.0083603 -0.00153101 -0.999964 
55.4356 14.9911 -7.29399 0.723801 -0.688913 0.0388658 
-13.3088 -31.1468 -30.0591 -0.539665 0.00677294 -0.841853 
55.4367 -37.5892 -7.97528 0.994553 -0.104191 0.00288771 
-14.3171 -13.9312 -26.0878 -0.935542 -0.139244 -0.324612 
-31.7295 -38.4028 16.0276 -0.982777 -0.184268 -0.01395 
5.61297 -19.3818 39.7525 0.00566169 -0.000609535 0.999984 
53.7282 21.5312 39.6301 0.0448731 0.86658 0.497017 
-30.1686 -10.7692 -24.2748 0.00456429 -0.979819 -0.199835 
55.4634 -1.87269 26.8053 0.999874 0.0124648 -0.00982894 
45.7029 14.5444 -29.9761 0.0276177 -0.574718 -0.817886 
-12.6658 18.1204 45.241 -0.0566872 0.479696 0.875602 
6.32781 15.2243 41.4993 0.00854268 -0.747868 0.663792 
42.9278 15.2309 -34.1166 -0.0185888 -0.87933 -0.47585 
-28.958 -38.1716 32.4459 -0.253605 -0.0455775 0.966234 
-14.3048 7.46484 8.16056 -1 -7.61427e-06 0.000360002 
18.327 40.2062 -7.42222 -0.987507 0.136074 0.0794588 
-21.0758 16.7038 27.2094 -0.989205 -0.143484 0.0297765 
55.4481 -29.9442 -17.9915 0.999996 -0.00109778 -0.00246665 
27.9849 28.2113 28.4752 -1.53862e-05 0.857926 0.513774 
46.0008 28.8979 27.3284 0.0315646 0.866762 0.497723 
44.4115 25.1861 33.5269 -0.000175319 0.857947 0.513739 
59.6565 19.9488 6.24026 0.841442 0.540315 0.00589176 
-3.38562 17.3944 -36.7814 0.00655706 -0.0456565 -0.998936 
22.6015 35.9025 -6.00817 -0.0834259 0.763881 -0.639942 
-9.04399 26.0008 32.101 -0.135221 0.885498 0.444532 
-7.94651 6.45171 -30.0209 0.00772816 -6.7231e-06 -0.99997 
-10.8238 15.2233 -31.4799 -0.00981371 -0.734031 -0.679045 
40.525 15.0845 -29.9765 -0.0464657 -0.641418 -0.765783 
-5.62679 3.84442 -30.0029 -0.00157238 0.00190138 -0.999997 
27.4044 15.2203 40.0917 -0.010275 -0.767753 0.640664 
-0.779135 14.7376 -30.0222 -0.0213967 -0.604 -0.796697 
59.1838 20.4238 -17.9058 0.74145 0.67098 -0.00622983 
19.6393 41.4168 3.77516 0.00512743 0.99517 -0.0980297 
-8.71271 28.6766 14.5312 -0.561774 0.81581 0.137345 
13.716 -7.39991 -29.978 -0.0218507 0.0433217 -0.998822 
-17.9202 27.9912 3.12329 -0.941612 0.336009 0.021566 
55.4534 -25.6386 8.61383 0.999985 -0.00517499 0.00165192 
32.172 36.9433 -4.28133 6.04914e-05 0.85653 -0.516098 
-32.1037 -29.6628 2.49063 -0.973468 0.10325 0.204204 
46.1984 14.5916 39.7526 -0.0087144 -0.516256 0.85639 
-32.1133 -28.5355 11.6333 -0.999979 0.000568571 0.00645119 
42.827 24.2568 35.0786 6.06273e-05 0.857865 0.513875 
29.9931 -35.2821 39.7525 -0.00522913 -0.0596421 0.998206 
54.2008 30.578 14.039 0.119027 0.851315 0.510975 
-0.0923157 26.7713 -21.1985 0.00159007 0.856664 -0.515872 
54.8866 0.522875 39.7526 0.656713 0.00622076 0.754115 
9.28763 38.8051 10.7859 -0.000500412 0.857929 0.513768 
55.435 -0.843325 -18.2572 0.999932 0.00439221 0.01082 
48.5183 32.1549 10.1956 0.294439 0.906365 0.302999 
58.87 26.7282 12.0077 0.994704 -0.102433 -0.00851101 
47.5696 32.0339 5.90386 0.59697 0.789369 0.14326 
55.4368 -19.5963 -23.5172 1 4.72889e-05 0.000447146 
-32.103 -21.6795 -20.7126 -0.929172 0.00420166 -0.369624 
-0.116039 34.1771 18.4853 -0.153604 0.895016 0.418751 
57.2968 22.3089 -6.52868 0.851541 0.524287 -0.000187797 
40.4438 38.0093 11.7699 0.348749 0.872807 0.341441 
-14.3179 5.47852 -28.3585 -0.879396 -0.0230144 -0.475534 
-16.1706 -9.61801 35.1517 -0.478505 0.737684 0.476293 
55.4534 -31.8777 1.20077 0.999977 -0.00064706 0.00675802 
16.029 32.7773 20.8513 5.18455e-05 0.857955 0.513725 
55.4349 -32.7683 -12.2729 0.999986 -0.00532768 0.00030867 
51.5763 16.8455 -36.751 0.0523282 -0.174298 -0.983302 
24.3476 39.5799 -9.8828 0.981089 -0.0407677 -0.189218 
14.151 -5.88987 -29.978 6.06898e-05 -2.69037e-05 -1 
-32.1036 -28.5432 -1.79824 -0.985067 0.136578 -0.104834 
1.86605 -25.4947 -29.9296 0.00334829 -0.013319 -0.999906 
-37.1161 -37.8878 2.81248 -0.0500891 0.995245 0.0835408 
55.4349 -5.97745 37.7827 0.950085 0.00124576 0.311988 
2.00002 -12.8743 39.7525 0.000158392 0.00104361 0.999999 
-36.1328 -37.8878 19.5075 0.00237414 -0.999997 0.00052758 
43.1032 -29.7361 39.7041 0.000999068 0.00759918 0.999971 
-29.4179 -8.50065 -9.82141 -0.457612 0.889124 0.00703862 
52.5102 -7.84189 39.7526 0.204674 -0.0155317 0.978707 
55.4411 -25.453 -29.9108 0.586287 -0.0404352 -0.809094 
-5.14724 33.3095 0.41551 -0.267444 0.902311 -0.338094 
27.0753 23.2468 -27.0127 -1.66134e-05 0.856539 -0.516082 
-16.1876 21.8439 7.67656 -0.764171 0.644687 -0.0205504 
0.899042 14.0758 39.7192 0.0120914 -0.48428 0.87483 
-45.8081 -37.8878 29.4239 -0.968909 0.189365 0.159237 
39.1668 20.5615 41.2495 5.94086e-05 0.85784 0.513917 
19.9205 26.5064 -21.6024 4.63758e-05 0.856559 -0.516048 
-21.0776 17.042 37.8091 -0.999975 -0.00566131 0.0042014 
23.2922 21.3921 -30.0907 -2.50637e-05 0.856583 -0.51601 
-11.2426 31.0265 13.5043 -0.113811 0.832823 0.541713 
48.9253 10.1569 -29.9774 -0.00135947 0.000425833 -0.999999 
61.2195 16.3465 1.47116 0.828957 -0.559293 -0.00459574 
-3.8644 -1.29072 -29.9893 -0.0452148 -0.0182556 -0.99881 
-14.3524 -5.14743 -8.92648 -0.674941 0.717235 -0.173286 
46.5286 10.1437 -29.9317 -0.00929839 -0.0114206 -0.999892 
12.3982 -15.3344 -37.5363 -0.354007 0.842456 -0.406137 
15.5928 -14.1679 39.7525 -0.0001131 9.33528e-05 1 
56.84 22.7653 28.0516 0.707084 0.70713 0.000110925 
-32.1044 -33.9993 23.6878 0.998175 -0.0601104 -0.00570778 
-9.70283 34.0522 2.70742 -0.195328 0.930058 -0.311189 
-14.294 -15.0764 37.9742 -0.927534 -0.0372827 0.371874 
44.7488 -12.8303 -29.978 -0.000456307 0.00245752 -0.999997 
-12.355 -28.6618 39.6808 -0.374144 -0.00460382 0.927359 
23.358 0.834192 39.7525 -0.00013968 5.68823e-06 1 
-9.48429 29.4113 15.1844 -0.37522 0.871905 0.31463 
-22.7147 -30.2823 32.6364 -0.000421092 1.43791e-05 1 
-46.1302 -9.69294 20.1883 -0.40567 0.913764 0.0216181 
-7.21084 -31.9417 -29.9924 -0.00105963 -0.00166418 -0.999998 
-14.3185 -21.3263 -30.0288 -0.590216 -0.0725626 -0.803978 
-39.7705 -10.7692 29.1689 -0.113861 0.993461 -0.00838042 
38.2985 15.2213 -30.6958 -0.0339763 -0.758006 -0.651362 
49.5476 30.0577 -9.25593 0.635697 0.76901 -0.0671742 
-1.59957 3.69976 39.5963 -0.00681544 0.00165725 0.999975 
46.9533 -11.6614 -29.978 0.000258062 -2.98046e-05 -1 
55.4349 -2.2634 32.5976 1 -1.52182e-05 0.00024611 
55.4349 -36.3187 26.3961 0.996709 -0.0807504 -0.00714599 
-16.5012 21.5575 -21.1672 -0.674179 0.738568 -0.000508647 
-9.54825 -8.17874 -30.0232 -0.0102055 -0.000560515 -0.999948 
38.2662 36.8387 -4.45477 0.0350663 0.86345 -0.503214 
-57.9177 -38.3676 7.48236 0.154934 -0.24335 -0.957484 
-36.112 -30.4436 0.1142 0.0262645 -0.00620173 -0.999636 
47.522 32.0825 -4.32204 0.574663 0.80981 -0.118198 
-8.94426 27.9681 -18.0291 -0.407221 0.876694 -0.256084 
49.3557 -20.1703 39.7526 0.0061526 0.000867916 0.999981 
55.4374 13.1254 -25.2038 0.947116 -0.318425 -0.0397125 
-41.3746 -36.6263 30.9386 -0.0952549 0.0108357 0.995394 
-18.1898 20.0165 33.096 -0.78476 0.619722 0.00980937 
-14.3151 -0.624304 -20.6508 -0.999999 -0.000149767 -0.00141009 
13.5239 -12.8586 -31.9164 -0.532275 0.829923 -0.167065 
55.4349 -34.7706 37.8412 0.927473 -0.038069 0.371948 
36.931 1.57155 39.5963 0.025963 0.00795081 0.999631 
58.8683 27.3146 11.3537 0.999045 0.0386636 0.0203331 
-5.29742 32.3986 -1.21763 -0.431297 0.872391 -0.230038 
32.936 -21.6348 -29.978 0.000188448 -6.04551e-05 -1 
54.0026 32.8818 6.28718 0.589168 0.802556 0.0937279 
-34.3564 -9.92818 -15.5228 -0.800449 0.59859 -0.0311638 
-9.01553 15.223 41.0065 -0.00251021 -0.713532 0.700619 
-19.5121 18.8052 4.24717 -0.917698 0.396827 0.0189389 
-19.3289 18.9759 36.7689 -0.895679 0.44469 -0.00308861 
-16.5134 24.0333 -6.2185 -0.987784 0.0551858 -0.145731 
46.8499 33.1336 8.45364 0.4553 0.857743 0.238703 
-32.1043 -26.5433 23.6311 -0.999944 0.000123835 0.0105691 
46.7895 -38.1148 39.6005 -0.00260372 -0.116925 0.993137 
38.5905 28.4084 28.1459 -5.46793e-05 0.857905 0.513808 
28.9471 32.144 21.908 5.26518e-05 0.857876 0.513858 
25.9186 38.1687 -2.24716 -2.19975e-05 0.856535 -0.516088 
55.4349 11.781 22.6749 0.982327 -0.187039 -0.00709084 
8.82165 0.651287 -29.978 0.0284029 -0.00104942 -0.999596 
39.1538 -30.6258 39.7041 -0.00139837 0.00589418 0.999982 
14.5578 24.9769 33.8767 -5.48147e-05 0.85794 0.51375 
50.6806 34.7357 6.57126 0.102788 0.941606 0.320643 
-20.5358 16.45 7.23899 -0.922154 -0.386435 0.0173266 
55.4366 -28.3814 -21.837 0.99999 -0.000763045 -0.00434492 
38.7285 -8.01165 -29.978 0.000117962 -2.61303e-05 -1 
-43.8606 -11.4627 36.2265 -0.0656458 0.992079 0.107094 
55.4352 -1.31613 -18.9571 0.999983 0.00378947 0.00449185 
37.5838 24.3008 -25.2628 0.000146387 0.856527 -0.516103 
-5.28643 31.4877 11.8723 -0.451253 0.866908 0.211755 
-0.318362 36.3492 10.039 -0.627981 0.776065 0.0579829 
-46.7456 -11.6511 16.2607 -0.367476 0.929551 -0.0299492 
55.4362 -37.9049 -5.78335 0.99338 -0.114867 -0.00139004 
34.6415 41.0839 6.97909 0.0305514 0.946846 0.320232 
-15.8355 15.2236 20.0262 -0.445426 -0.89507 -0.0210885 
-14.3054 8.54308 6.40252 -1 -7.57283e-06 0.000359295 
50.0526 29.553 -9.92709 0.615806 0.784412 -0.074024 
36.8339 1.63353 39.5963 0.0257345 0.0081227 0.999636 
28.7254 33.9896 -9.18328 0.0171697 0.85397 -0.520039 
55.4349 -5.7488 -14.9625 0.999995 -0.00281964 -0.00129274 
46.3103 34.0564 6.81121 0.44195 0.871963 0.210621 
-4.70977 1.44023 -29.9958 -0.0499145 0.0204032 -0.998545 
5.58205 33.5932 -9.85153 0.00155006 0.856672 -0.51586 
29.2934 40.1499 1.04075 -0.00501736 0.895845 -0.444338 
-23.9217 -9.44823 -24.3735 -0.0204182 0.925175 -0.378992 
-18.2791 15.2305 -2.183 -0.48577 -0.873838 -0.0208692 
17.7656 -11.232 39.7525 -0.00011983 5.46219e-05 1 
-34.6528 -37.8878 10.708 -0.212826 -0.976779 0.0246422 
-14.3084 -1.54131 -1.92522 -0.987813 0.152973 0.0287082 
-32.1034 -14.3513 -5.67545 -0.986505 -0.163703 0.00301376 
45.1646 -34.8786 -29.9772 0.00300764 -0.0548255 -0.998491 
-31.6519 -39.5689 28.5555 0.960137 0.277093 -0.0368258 
55.4386 -5.89638 -28.7614 0.81662 -0.0360552 -0.576049 
23.8126 -36.5953 39.7525 -0.00439517 -0.0937669 0.995584 
13.6048 -13.7314 -32.8015 -0.523137 0.852204 -0.00867847 
57.9167 21.6887 24.0718 0.706835 0.707378 -0.000127243 
40.3292 24.4664 34.7287 2.45654e-06 0.857882 0.513847 
-33.4429 -10.7692 13.2729 -0.931503 -0.329918 -0.153156 
55.4373 -25.5124 -24.0025 1 0.000218272 0.000685705 
-28.2277 -34.5671 32.634 -0.144599 -0.0524741 0.988098 
32.9714 20.8834 40.7119 4.35239e-05 0.857953 0.513729 
52.5567 27.0484 11.8746 0.75569 0.64253 -0.126834 
61.1224 15.8169 14.3845 0.719277 -0.694594 0.0134139 
37.8419 9.56932 39.5963 0.0109731 -0.0186851 0.999765 
-15.0945 -10.7692 -25.5106 -0.885081 0.00299067 -0.465427 
-14.3035 -1.9922 11.6402 -0.999983 -0.00547612 0.0021518 
-34.3183 -10.7692 12.8459 -0.66978 -0.741133 -0.0459987 
-19.2463 -10.7692 -23.4638 0.037403 0.72767 -0.684906 
-13.1132 8.04282 39.671 -0.612167 -0.00805447 0.790688 
-18.5945 16.8095 46.4606 -0.342063 -0.333722 0.87842 
11.3067 36.003 -5.84059 0.000128746 0.85656 -0.516047 
55.4349 -2.36453 5.54404 1 -1.55952e-06 1.33901e-05 
44.0813 35.1798 4.25004 0.534807 0.844584 -0.0256891 
16.7247 24.9384 -24.2049 -3.4148e-06 0.856568 -0.516034 
-14.2537 -5.17388 13.0879 -0.921426 0.388437 -0.00955282 
-8.74175 -2.40458 39.723 -0.0183792 -0.00200536 0.999829 
59.2078 26.5029 -3.94309 0.98146 -0.187288 -0.0407481 
57.4477 28.5408 0.683577 0.907753 0.418231 0.0326745 
55.4349 -31.9645 29.716 0.999978 -0.0045344 0.00493829 
-14.3159 8.58216 -22.6699 -0.999998 -0.000470362 -0.00185712 
8.46545 39.4762 9.66536 -0.0171565 0.868707 0.495029 
-12.0237 25.6502 -18.516 -0.599065 0.795936 -0.0872217 
-15.783 29.8774 2.57822 -0.803204 0.59561 0.0106071 
-10.3614 -12.6703 -30.0269 -0.120996 -0.0176702 -0.992496 
48.3453 34.4474 6.11526 0.128185 0.940188 0.315619 
16.2607 23.738 -26.1971 5.64153e-05 0.856528 -0.516101 
-15.3487 30.0097 14.8229 -0.431154 0.849499 0.304069 
55.4349 -21.6488 12.1246 0.999984 -0.00347164 0.00452755 
55.4349 -9.82475 38.7839 0.891437 -0.0659622 0.448319 
-25.3966 -7.3484 -16.3562 -0.151763 0.980244 -0.126848 
57.958 28.0574 9.1158 0.984732 0.169837 0.0381837 
-18.0236 -9.23438 33.9422 -0.164137 0.891375 0.422504 
-44.4642 -31.5761 1.8141 -0.96654 -0.0266912 -0.255122 
-2.57186 34.6954 2.90026 -0.413401 0.898893 -0.145224 
-18.1129 -8.62599 31.5164 -0.117605 0.909788 0.398063 
54.6502 32.3158 3.88742 0.669686 0.74259 -0.00898177 
-14.3514 -3.83439 -1.50058 -0.886497 0.457684 0.068184 
-33.8249 -10.7692 2.21987 0.130618 0.981249 -0.141736 
-14.2968 14.5544 30.5513 -0.826082 -0.560889 0.0547052 
-14.2996 14.0863 22.7841 -0.900823 -0.432813 -0.0345082 
-35.1158 -37.8878 9.14745 -0.137851 -0.990418 0.00833333 
2.72563 22.6435 37.7441 -0.00174113 0.857747 0.51407 
62.0772 17.5317 -24.7961 0.998444 -0.05384 0.0145058 
54.778 -39.8557 4.56758 0.994476 -0.104765 -0.00642433 
-26.729 -6.9075 11.75 0.0989026 0.956801 -0.273404 
-50.9278 -33.7812 22.7636 0.00433368 0.0053096 0.999976 
40.3117 -26.9698 -29.9572 0.00218237 0.00542162 -0.999983 
6.14971 15.2307 43.8088 0.0507484 -0.864155 0.50066 
29.7603 24.0131 35.4855 7.31354e-06 0.857876 0.513857 
58.6379 15.2299 42.1857 0.255822 -0.927575 0.272322 
21.8873 2.33883 39.7525 -0.000233968 -1.80477e-05 1 
-13.7871 30.4832 9.96244 -0.692116 0.689328 0.214015 
-43.0397 -37.8878 24.8009 -0.670624 0.713721 -0.202155 
4.94488 33.8384 -9.44629 0.00157816 0.85666 -0.515879 
45.2872 -4.39317 39.7525 0.00162278 -0.00262668 0.999995 
-31.9336 -39.1601 31.3016 -0.297792 -0.0257553 0.954283 
36.1805 41.4198 4.43255 0.162566 0.984115 -0.0713502 
-44.7489 -10.8279 -0.3522 -0.462045 0.628464 -0.625737 
-32.1046 -26.9996 31.7196 -0.788172 0.145418 0.598029 
-39.3093 -39.482 -0.828 -0.0443842 0.153166 -0.987203 
-43.001 -35.2262 30.7346 -0.28044 -0.024525 0.959558 
-17.1451 -8.27052 26.8911 -0.0329118 0.993259 0.111144 
-45.0558 -9.33062 17.4944 -0.312053 0.950004 -0.0107073 
51.232 28.3214 26.5863 0.489794 0.844061 0.218318 
30.7571 -34.7867 39.7526 -0.00588826 -0.0446244 0.998986 
12.2064 -14.6479 -31.4302 0.62015 -0.713775 -0.325483 
-18.7776 19.351 -31.7195 -0.656447 0.71783 -0.231943 
29.1778 14.5038 39.7525 0.0298807 -0.625872 0.779353 
55.4534 -22.1334 2.29808 0.999929 -0.0070448 0.00965084 
15.6074 31.2157 -13.7862 -0.00404319 0.853908 -0.520409 
55.439 13.9805 -29.9006 0.505383 -0.761216 -0.406373 
47.3419 34.417 2.22975 0.221024 0.933661 -0.281826 
26.8786 -17.9064 -30.205 -0.0175457 -0.218638 -0.975648 
16.7623 -26.8498 39.7525 -0.000155544 0.000284887 1 
-45.5148 -9.48541 34.3165 -0.228899 0.966422 0.116765 
-14.2947 -32.1024 36.0063 -0.954788 -0.00319104 0.297269 
40.9705 31.511 22.9648 -2.18693e-05 0.857909 0.513802 
49.9514 -10.7096 -29.977 0.000438006 -1.62571e-05 -1 
19.3328 40.8895 -7.1163 -0.768365 0.06862 0.636322 
-32.3218 -17.7137 11.8768 -0.999988 0.00485318 -0.000697365 
-31.6519 -39.8436 6.10218 -0.981535 -0.190864 0.0126291 
45.7709 27.5367 -19.8915 0.00259534 0.857039 -0.515246 
52.9555 32.9839 2.65186 0.469539 0.867046 -0.166628 
-29.1586 -23.4638 -22.644 -0.265087 -0.00327968 -0.964219 
33.6021 15.2267 42.4031 -0.071832 -0.797322 0.599264 
-37.1074 -6.6501 15.2955 -0.527259 0.846737 -0.0709543 
48.7704 29.6114 -15.9929 0.334962 0.880771 -0.334727 
55.4349 -9.94993 36.7979 0.972318 -0.0345711 0.231088 
14.6301 -13.0242 -31.5965 -0.525254 0.847601 0.0753654 
55.4349 -30.3871 29.7177 0.999962 -0.0035439 0.00792895 
-13.0769 24.6876 -19.9369 -0.608639 0.789782 -0.0761758 
15.4355 26.7333 30.9438 -1.9513e-05 0.857929 0.513768 
-1.15534 -27.9491 -29.9296 -0.00089553 0.00226003 -0.999997 
-15.0949 15.2215 13.4286 -0.570229 -0.821232 -0.020415 
31.5335 -7.33695 39.7525 -0.000197919 8.70667e-05 1 
-14.3174 3.38413 -26.8287 -0.97142 0.0223693 -0.236312 
29.8029 -13.281 -29.978 -0.00532626 0.258997 -0.965863 
-33.9946 -10.7692 12.9745 -0.777521 -0.624411 -0.074646 
24.8478 -12.8199 39.7525 -0.000136377 0.000140694 1 
51.3403 28.2661 -14.9603 0.606856 0.784618 -0.126883 
55.4349 -27.3249 29.8955 0.999985 -0.00233612 0.00504668 
32.296 40.8936 7.29705 -0.00554327 0.933005 0.359821 
55.4349 -16.0035 34.4417 1 -1.23315e-05 0.00024458 
47.127 31.4171 12.1711 0.582487 0.804419 0.116701 
19.4182 12.997 -29.978 -0.0166868 -0.347716 -0.937451 
-32.3417 -10.7692 -23.0196 -0.101925 0.992832 0.0624251 
6.17946 12.3334 39.7525 8.25697e-05 -0.253641 0.967299 
42.1449 34.3969 -8.50669 0.119429 0.87846 -0.46265 
12.4849 -13.7769 -35.3949 -0.469821 0.842263 -0.264313 
7.27963 -33.6429 -29.978 0.00237868 -0.00986288 -0.999949 
43.3451 -13.2748 -29.978 4.5193e-05 0.00547908 -0.999985 
10.7612 25.0179 -24.077 0.00114843 0.856643 -0.515909 
59.0681 26.419 0.950938 0.989514 -0.144002 0.0112493 
40.0245 20.2326 41.7987 5.63414e-05 0.857929 0.513769 
55.0305 -38.3041 6.09044 0.99229 -0.123916 -0.00229658 
2.81916 30.8197 24.0985 -0.00173892 0.8578 0.513981 
55.4349 -34.8449 28.0274 0.99895 -0.0457559 0.00243106 
-5.27011 32.459 10.3537 -0.388541 0.870693 0.301544 
-4.22494 32.8621 -0.386652 -0.472746 0.862698 -0.179618 
-11.5145 26.1157 -7.53484 -0.583988 0.801978 -0.125653 
19.7634 22.4305 -28.3673 -9.51895e-07 0.856556 -0.516053 
15.7105 -16.4767 -38.5089 -0.0677999 0.766636 -0.638492 
-14.3064 10.1607 3.61277 -1 -8.72038e-06 0.000358568 
-14.2237 -7.16339 20.2701 -0.874697 0.479559 0.0702051 
52.5095 34.1722 5.28249 0.478296 0.872857 0.0967104 
58.1535 26.463 8.14228 0.972515 -0.232651 -0.00940601 
1.69509 9.88302 -29.8217 -0.00100068 -0.0270749 -0.999633 
-44.623 -21.1894 -0.3522 -0.996867 -0.0312846 0.0726484 
-46.1843 -10.7692 10.3412 -0.303324 0.952887 -0.000638333 
-10.5309 27.0164 26.1792 -0.598077 0.795366 0.0984713 
-22.3899 -7.41755 11.6547 0.056527 0.975561 -0.212332 
-14.3259 0.378829 26.9069 -0.999733 0.0090653 -0.0212392 
-35.9437 -6.25764 23.2681 -0.305218 0.937178 0.168936 
55.6481 2.73921 19.768 0.999644 0.000316822 0.0266677 
55.4349 2.85215 2.78879 1 1.46271e-05 1.89928e-05 
12.7786 -39.9956 -35.7351 -0.24141 0.860619 -0.448394 
35.7719 32.6595 -11.3909 -1.14909e-05 0.856522 -0.516111 
-40.5496 -9.79903 -0.797737 -0.0266162 0.92743 -0.373049 
55.2785 24.3268 27.0167 0.697681 0.716335 0.0102558 
25.4958 -29.2367 -29.9965 -0.00259251 0.000696966 -0.999996 
-44.495 -36.6263 26.2625 -0.983625 0.102755 0.148066 
-16.3872 27.9315 2.99931 -0.990994 0.127686 0.0403421 
-32.1044 -26.8032 26.7655 -0.999184 0.0283689 -0.0287333 
-39.5496 -7.4737 18.8545 -0.447346 0.893646 0.0357614 
-2.87795 32.423 21.4034 -0.207733 0.897227 0.389654 
33.2002 -37.6601 -29.9777 0.129037 -0.0498454 -0.990386 
-14.3057 -2.73033 11.7227 -0.999731 0.0226688 0.00493145 
11.1517 5.27462 39.7525 -0.000113677 -4.29861e-05 1 
-19.6453 18.6856 30.462 -0.928026 0.371071 -0.0327789 
12.3051 -13.9084 -30.3254 0.079551 -0.0357777 -0.996188 
14.9941 15.2316 -34.4022 0.0369905 -0.878514 -0.476283 
-14.3066 12.7745 3.16876 -0.940381 -0.33864 -0.0317394 
59.6588 19.9478 -10.7503 0.851976 0.521039 0.051529 
62.2281 17.2442 33.5971 0.99975 0.0147064 0.016819 
-5.12332 31.9569 8.45089 -0.462335 0.856876 0.228055 
-14.768 29.5457 -2.86085 -0.524579 0.823971 -0.214218 
-9.10065 -27.8024 39.719 -0.0162981 -0.000328222 0.999867 
19.696 -13.6954 -36.6984 0.00371855 0.821165 -0.570678 
10.0202 -35.2566 39.7525 -0.00740212 -0.069263 0.997571 
19.6351 48.3779 -6.87564 -0.330265 0.661237 0.673566 
-22.0357 -6.89522 -14.7773 -0.0672699 0.979134 -0.19176 
-25.7134 -7.42769 -3.15576 -0.268484 0.96085 0.0684447 
55.4349 6.01778 38.2457 0.899502 -0.0593861 0.432862 
-43.9874 -11.8008 35.7838 0.0483281 -0.9935 0.103063 
38.5136 15.477 45.4271 0.0387739 -0.853747 0.519242 
15.1318 -12.1223 -32.2351 -0.418776 0.871831 -0.254042 
55.4349 6.94584 0.6607 1 6.39838e-05 3.27987e-06 
19.0641 -15.4064 -38.571 -0.00546993 0.760965 -0.64877 
-43.5761 -37.8878 15.4928 -0.415355 0.907057 0.0687537 
4.92127 39.3188 -0.344789 -0.20446 0.897368 -0.391059 
-39.9011 -7.59223 21.7081 -0.391606 0.918779 0.0498925 
2.49075 21.9917 38.8311 -0.0017343 0.857827 0.513935 
29.3151 40.5278 1.66794 -0.00477971 0.91232 -0.409451 
55.2786 -0.165765 24.4155 0.999719 0.0221872 -0.00837918 
-32.1036 -33.467 -0.367651 -0.985734 -0.00597988 -0.168206 
16.8189 38.629 -1.48272 -3.69777e-05 0.856533 -0.516093 
26.6755 -21.2395 -30.205 0.00377852 -0.000464062 -0.999993 
-19.5044 -19.3038 32.6377 -0.000408778 -3.16294e-05 1 
55.4534 -35.2335 5.47014 0.997845 -0.0654647 -0.00447659 
55.4349 12.8181 20.5041 0.93882 -0.344178 0.012604 
55.4349 -2.49092 16.0816 0.999989 -0.00142592 -0.00445205 
58.8264 27.5427 -5.5375 0.925031 0.25087 -0.285276 
51.1143 -12.9156 39.7526 0.0389594 0.000504464 0.999241 
-20.1712 16.3698 2.28753 -0.831637 -0.555273 0.00721577 
22.8416 15.346 45.4271 0.061167 -0.793345 0.605691 
-12.7503 32.4944 6.35379 -0.644006 0.764469 0.0290324 
19.9777 23.2063 -27.0796 6.627e-05 0.856552 -0.516061 
-38.8217 -10.7692 13.9212 0.0394432 0.995846 0.0820699 
55.402 26.1159 16.6534 0.385385 0.645923 0.658986 
55.4349 4.54475 34.3047 1 -2.17939e-07 0.000460242 
56.0161 23.5891 21.4393 0.745247 0.660512 0.0912656 
-41.7097 -10.7692 17.7059 -0.101034 0.994653 -0.0213826 
21.474 41.5117 -7.1163 -0.104444 0.179697 -0.978162 
61.1224 15.3117 -12.4011 0.748918 -0.662254 -0.0232702 
55.4384 -36.4532 -15.6904 0.996384 -0.084728 -0.00637303 
2.2975 26.1187 31.9427 -0.00174118 0.857789 0.513999 
55.4349 -28.7138 -9.63566 0.999989 -0.0016892 0.00433528 
58.7771 20.83 -15.0641 0.70702 0.707194 1.99539e-05 
51.3531 28.2519 25.8676 0.544586 0.821757 0.167754 
6.14744 3.99522 -29.978 0.0133593 0.0475174 -0.998781 
-10.0263 -2.12051 39.7078 -0.093848 -0.00977302 0.995539 
-32.1044 -17.8972 25.2877 -1 -3.52936e-05 -3.75039e-05 
56.4166 15.222 39.597 0.228914 -0.947012 0.225313 
15.0438 -14.7951 -38.4764 -0.134609 0.791565 -0.596075 
25.7275 -5.45046 -29.978 0.00267866 0.0110327 -0.999936 
-32.103 -12.6324 -20.5545 -0.938374 -0.224128 -0.2631 
48.5636 31.0408 -3.18313 0.509683 0.838679 -0.191939 
31.2393 -14.818 -34.6169 0.335681 0.939532 -0.0678082 
-46.7456 -10.572 5.99058 -0.344946 0.938135 -0.0302451 
-15.5886 30.0367 6.5935 -0.789775 0.611323 -0.0503985 
22.7025 -39.4752 -32.6828 -0.0360705 0.987601 -0.152782 
-12.5792 -29.5512 -30.0511 -0.390289 0.022092 -0.920427 
29.2817 -35.5354 39.7525 -0.00515221 -0.0707769 0.997479 
-47.0771 -39.4971 7.9928 -0.908384 0.415989 -0.0423363 
8.71717 17.7129 -36.215 -0.00598421 0.346888 -0.937887 
5.36206 35.2751 -7.05901 0.000784752 0.856891 -0.515497 
-11.9092 -29.0245 -30.0438 -0.30344 0.0278979 -0.952442 
1.23401 33.0633 20.3487 -0.0223419 0.865596 0.500243 
56.3866 22.0577 -28.2393 0.331765 0.881558 -0.335839 
-20.2192 18.162 36.7854 -0.969687 0.243869 0.0153632 
-17.2027 -6.91552 15.7941 0.193627 -0.981074 0.0016895 
-29.1786 -38.8492 32.1505 -0.303423 -0.0632116 0.950757 
50.4595 29.1454 19.1476 0.579259 0.812426 0.0665067 
55.4393 -23.6914 -27.8967 0.946233 -0.0210538 -0.3228 
13.9597 15.228 -33.096 -0.0182121 -0.853131 -0.521378 
-20.2958 -15.2101 -22.641 0.0242713 -0.111534 -0.993464 
21.3518 -39.1608 -32.6828 -0.063462 0.979532 -0.19102 
-0.124401 -14.5179 39.7525 0.00128859 0.00812792 0.999966 
11.5111 33.9592 18.8778 -0.000136218 0.857915 0.513792 
-7.47958 21.785 39.1424 -0.00170297 0.857629 0.514267 
-32.1043 -31.0697 23.8148 0.999925 0.000215173 -0.0122071 
-8.74323 -9.83728 39.7231 -0.0102805 -3.32381e-05 0.999947 
-9.119 -15.3149 -30.0133 0.0099169 3.40042e-05 -0.999951 
-4.7509 23.4813 -26.6767 0.00158887 0.856688 -0.515833 
-14.306 5.78734 4.78011 -1 -1.00627e-05 0.000361641 
51.228 34.4462 2.35297 0.196272 0.937406 -0.287658 
24.7741 -13.3365 -34.6784 0.13764 0.958131 -0.251079 
7.60607 -17.4727 -29.9905 -0.0801657 -0.0332265 -0.996228 
25.9369 -13.7361 39.7525 -0.00014518 0.000102893 1 
-9.33563 30.2501 13.7829 -0.239334 0.847393 0.473967 
-44.457 -33.4025 31.383 -0.449226 0.08943 0.888931 
-17.0355 21.0691 -12.6524 -0.674723 0.738071 -2.87739e-06 
-16.3681 26.7665 -0.860756 -0.95447 -0.298284 -0.00361926 
-5.99536 24.4581 -25.0584 0.00128525 0.856731 -0.515761 
55.4349 -32.9533 16.5479 0.999984 -0.00560516 -0.000533089 
-11.8693 25.7909 -1.32577 -0.437337 0.898829 0.0290333 
-33.9353 -30.5179 0.1142 -0.0913399 0.114488 -0.989217 
-0.396856 25.4114 -23.458 0.00159443 0.856704 -0.515805 
38.0979 -29.3281 -29.978 -0.00356026 -0.00237975 -0.999991 
-32.1044 -14.1747 27.1659 -0.987413 -0.156044 0.0257924 
-14.5412 -19.5611 -22.6438 -0.638215 -0.052221 -0.768085 
-2.428 -37.3043 39.7021 0.000574706 -0.112985 0.993596 
-17.2916 15.2277 37.09 -0.523132 -0.851103 0.0442414 
-16.4751 18.425 44.7196 -0.124072 0.638997 0.759137 
-40.8656 -7.91749 25.6596 -0.214064 0.970011 0.115135 
-1.0956 -4.23373 -29.978 -0.0317037 -0.0598245 -0.997705 
-32.1497 -17.8431 -7.11791 -0.999952 0.00896985 0.00402708 
-46.7134 -9.88964 17.4463 -0.453199 0.891403 -0.00334337 
48.3409 -27.8461 -29.9776 0.00432789 0.00181879 -0.999989 
-41.3622 -37.8878 1.66581 0.051905 0.875774 -0.479923 
36.4795 -25.659 39.7041 -0.000897213 -0.00231903 0.999997 
-18.5992 15.2313 -21.0402 -0.513709 -0.857306 0.0336016 
-44.5922 -34.7667 22.8611 -0.924941 -0.168821 0.340564 
-9.40605 8.37322 -30.0322 0.00575347 0.000154893 -0.999983 
25.7617 31.515 22.9586 7.84379e-05 0.857913 0.513794 
-14.2953 -25.5307 34.3912 -0.941034 0.000235732 0.338311 
58.4298 29.0232 -5.28583 0.642107 0.736266 -0.213567 
36.9464 -1.87851 -29.978 -0.00351116 0.00117076 -0.999993 
-16.4794 24.9353 12.1518 -0.995794 -0.0916203 -0.000322238 
-2.04095 2.58347 39.5963 -0.000679898 0.0109839 0.999939 
19.8253 41.4167 4.11956 0.0137524 0.998588 -0.0513114 
62.2294 16.7622 -11.6073 0.992852 -0.119175 -0.0064267 
-18.0141 -10.7692 -23.7428 -0.0742883 0.0219953 -0.996994 
46.1713 15.7015 45.4271 -0.0202441 -0.752025 0.658824 
44.1401 34.707 5.65311 0.546142 0.83624 0.0493131 
-45.412 -38.0846 23.0422 -0.957398 0.288769 -0.00122816 
55.4349 -10.8981 -9.93214 1 1.95198e-05 -9.27508e-06 
29.324 -7.68529 -29.978 0.0139883 0.0242206 -0.999609 
-14.2948 -34.6437 35.6352 -0.951024 -0.0588004 0.303474 
25.6912 -36.7906 -30.205 -0.0227907 0.115676 -0.993025 
3.45492 15.2245 41.5618 0.0620347 -0.767797 0.637683 
11.7256 15.2236 41.2959 -0.0556674 -0.763658 0.643217 
-10.6021 20.3137 41.5873 -0.00252648 0.857931 0.513759 
29.7889 36.8014 14.1307 5.61047e-05 0.857951 0.513732 
-20.2949 -33.9225 -22.6409 0.000363071 -0.00636396 -0.99998 
56.6527 26.7665 0.37009 0.879586 -0.475413 0.0176563 
-8.70454 15.2275 -32.9596 -0.0247722 -0.832246 -0.553852 
-24.8258 -8.08324 2.95766 -0.223576 0.969135 0.10388 
54.2208 12.2701 -29.9752 0.593744 -0.313048 -0.741262 
-4.66597 35.5265 4.46936 -0.0884628 0.989224 -0.116662 
-14.3074 -0.5143 0.712239 -0.999847 0.0172111 0.00308459 
4.76636 -6.47449 39.7525 0.000364499 -0.000444666 1 
4.85949 15.2245 -31.8659 -0.0317936 -0.739917 -0.671946 
42.9523 9.15498 40.0091 -0.0125409 -0.00510749 0.999908 
-19.9683 15.4543 3.76999 -0.6383 -0.769475 -0.0219445 
-12.5986 28.8347 -7.61017 -0.14708 0.847261 -0.510408 
55.4349 -10.0097 18.119 1 -3.78018e-05 9.43867e-06 
-29.6545 -10.7692 -23.6154 -0.064022 0.996067 0.0612456 
-32.1044 -18.1756 26.3966 -1 2.09669e-05 -2.03738e-05 
-16.6355 29.128 7.64683 -0.834759 0.549507 -0.0349306 
55.4349 -2.33463 -3.75174 1 1.457e-06 -1.38528e-05 
-32.1039 -11.7644 9.93005 -0.990746 -0.101885 -0.0896732 
37.0732 -25.2748 -29.978 -0.00418158 0.00131577 -0.99999 
31.882 -15.5207 -32.2924 -0.319593 -0.943412 -0.0885071 
9.43823 -2.74631 -29.978 0.00210603 -0.00101502 -0.999997 
23.3131 18.6171 -34.6965 0.0149372 0.598701 -0.800833 
59.6517 19.7418 -31.0636 0.648593 0.681262 -0.339425 
-34.1005 -10.3324 36.407 0.00992776 0.973561 0.228213 
-24.7035 -7.13909 -5.66952 -0.273522 0.961758 0.014391 
-31.6519 -39.6222 -7.2982 -0.997539 -0.0700891 -0.0016897 
-14.3166 -27.4347 -24.8625 -0.91237 0.0054086 -0.409332 
40.0903 38.6837 10.3405 0.393332 0.874802 0.282863 
12.3449 -17.9711 -29.978 0.143687 -0.221829 -0.964441 
-8.04536 21.2768 39.9886 -0.00173968 0.857741 0.514079 
-27.53 -20.3165 32.6344 -0.0531355 -0.00343612 0.998581 
-9.81733 27.667 -6.7683 -0.486735 0.859257 -0.157375 
40.0654 15.222 40.7271 0.0527698 -0.741837 0.6685 
61.1224 15.9126 17.4853 0.81362 -0.581325 -0.00911464 
-0.55166 32.452 -11.7656 -0.0753674 0.877676 -0.47329 
31.48 16.7937 46.5663 -0.0395557 -0.167907 0.985009 
-17.0387 -37.7361 -22.6398 -0.232724 -0.0778997 -0.969418 
25.1474 -15.392 -31.3414 0.0169958 -0.525012 -0.850925 
-8.55979 32.013 11.9536 -0.0709313 0.867423 0.49249 
-6.33949 -24.2326 -29.9829 0.00587589 -0.00237693 -0.99998 
-32.1044 -17.9825 25.6722 -1 -2.99968e-05 2.67253e-05 
28.8139 6.59315 39.7525 -6.89907e-05 -3.32892e-05 1 
-36.7842 -10.7692 26.5536 0.170082 0.958467 -0.228939 
47.3046 31.9681 -1.57203 0.491835 0.838064 -0.236106 
13.1845 22.9752 37.2193 -0.000292169 0.857888 0.513837 
13.1485 9.2506 39.7525 -6.50027e-05 -6.04011e-05 1 
34.8688 28.5178 -18.2645 3.10511e-05 0.856536 -0.516087 
48.657 -23.4797 -29.9775 0.00387649 -0.000990496 -0.999992 
55.4349 6.5092 32.4784 1 1.06065e-05 0.000598362 
27.9702 15.2217 40.5926 0.00393336 -0.813819 0.581105 
-13.8392 23.9907 -10.3024 -0.755798 0.623901 -0.198789 
55.6413 -26.9104 14.9372 0.999996 -0.000229653 0.00279127 
54.2813 25.3236 -3.16571 0.656964 0.750747 0.0691246 
58.1536 25.3654 2.94921 0.98854 -0.150955 -0.00079006 
22.4475 44.3371 -6.93108 0.333379 -0.0534166 0.941279 
-31.5362 -23.5176 32.6327 -0.576333 0.0224406 0.816907 
-14.5108 10.7436 26.1543 -0.996785 -0.0797604 -0.00756631 
60.0943 15.9785 -33.8751 -0.369892 0.838232 0.400682 
52.2127 29.4707 -5.44918 0.379612 0.868419 -0.318973 
48.0238 31.581 14.8088 0.601757 0.792101 0.102297 
55.3084 -38.0959 36.2759 0.977072 -0.133681 0.165709 
16.2593 -14.0087 -35.625 -0.129727 0.888454 -0.440251 
29.1806 -12.8621 -30.3948 0.0571788 0.297792 -0.952917 
-41.7674 -37.8878 10.313 0.16969 -0.981278 -0.091094 
55.4349 -12.6319 -17.0432 1 -4.30971e-05 0.000114543 
-1.07049 19.6686 42.6963 -0.00267889 0.724259 0.689523 
38.6386 -32.7273 -29.9779 -0.00263352 -0.0028099 -0.999993 
55.4534 -34.5875 5.52947 0.999014 -0.0429781 -0.0111171 
-14.295 -14.5258 35.1547 -0.93946 -0.127624 0.318005 
19.3725 -39.9956 -32.84 -0.0837156 -0.993991 0.070518 
43.7343 14.66 -29.9763 0.0486289 -0.613255 -0.788386 
-11.0328 8.41449 -30.0448 -0.222201 0.0088804 -0.97496 
-6.32533 -15.4308 39.7519 -0.00904151 0.00395766 0.999951 
-21.817 -6.17706 16.3712 0.149565 0.983183 -0.104795 
-31.9336 -38.0758 19.2547 0.98199 0.18526 -0.037079 
-13.9919 31.4286 2.3021 -0.740106 0.672053 -0.0242616 
-1.6169 35.1619 4.26432 -0.523559 0.851304 -0.0341726 
6.86952 -33.7827 -29.978 0.00231015 -0.0176549 -0.999841 
23.0338 -37.5652 39.7525 -0.00257254 -0.111935 0.993712 
55.6619 -29.0989 -1.1197 0.999994 -0.00215305 -0.00261997 
-13.1744 15.2272 42.517 -0.129297 -0.845865 0.517489 
59.2585 27.337 16.1036 0.957161 0.144266 0.251058 
1.05832 21.855 -29.3596 0.00158899 0.85671 -0.515795 
-32.1036 -20.2448 0.149956 0.999927 -9.99567e-05 -0.0120797 
-0.434658 35.8249 -5.16788 -0.391683 0.877285 -0.277408 
-14.2974 -0.4491 28.8404 -0.99997 0.00271145 -0.00720113 
-15.2077 28.3443 17.7912 -0.27634 0.561746 0.779793 
5.73627 -0.173546 39.7525 0.00548939 -0.00150885 0.999984 
-44.4814 -33.759 4.10087 -0.982553 -0.0642409 -0.174535 
44.002 -35.7547 -29.9772 0.00677301 -0.0730005 -0.997309 
3.91353 20.7697 -31.1534 0.00159105 0.856679 -0.515846 
21.3506 37.3404 -3.6216 -0.00708677 0.921556 -0.388182 
-19.0968 19.185 -12.3416 -0.926499 0.375868 -0.0179809 
54.96 -5.32116 39.7526 0.615373 -0.00829556 0.788193 
45.727 15.2232 41.1468 -0.00917706 -0.706231 0.707922 
-14.3133 -5.06129 -15.7187 -0.927113 0.360125 -0.103783 
4.73286 -18.7129 -29.9296 0.00235449 -0.000893484 -0.999997 
28.8767 -15.402 -30.3178 -0.156568 -0.122631 -0.980025 
46.0609 32.368 21.0631 0.315623 0.884898 0.342546 
13.3429 -1.80364 -29.978 4.46699e-05 -3.01611e-06 -1 
47.9454 31.6585 -0.585738 0.495151 0.833666 -0.244595 
51.8534 27.7523 -9.99431 0.561307 0.815581 -0.140577 
-17.06 28.7516 11.6085 -0.868941 0.49456 0.0187437 
36.443 25.3249 -23.5633 3.79201e-05 0.856493 -0.516159 
-12.487 -4.07075 39.6785 -0.392795 0.0220459 0.919362 
-14.297 -3.04786 29.8606 -0.99999 -0.0044826 0.000723132 
32.4259 -32.2732 39.7526 -0.00402373 -0.00419252 0.999983 
22.4233 -20.7742 39.7525 -0.000251806 0.000143992 1 
-3.8595 35.1362 5.89618 -0.227442 0.966115 0.122033 
54.5522 25.053 17.1931 0.689835 0.723948 0.00511934 
-15.7374 22.2555 15.4989 -0.841626 0.539427 0.0261432 
17.9485 37.2761 13.3387 -1.54103e-05 0.857925 0.513775 
55.4349 -2.50801 10.2738 1 -1.04812e-05 3.54673e-05 
-28.2829 -18.6642 -22.6437 -0.109768 0.00152711 -0.993956 
16.2953 -17.194 39.7525 -9.84664e-05 0.000145542 1 
55.4349 -18.3111 10.5422 0.999944 0.00710267 0.00780101 
-14.7478 15.2205 5.33046 -0.632518 -0.774492 0.00915769 
-7.07668 32.7978 10.7198 -0.100419 0.865975 0.489901 
55.4349 -3.2156 38.5643 0.925044 0.0326239 0.378456 
15.6636 -17.189 39.7525 -0.000124541 0.000107079 1 
55.4349 -34.8642 20.2804 0.998619 -0.0522933 0.0049905 
14.1912 -6.58984 -29.978 -0.00413701 0.0128744 -0.999909 
55.4349 8.72361 -6.19779 0.999964 -4.05138e-06 0.00847506 
23.304 4.57463 -29.978 0.000107647 2.2282e-06 -1 
-1.64263 35.1393 -1.59997 -0.626766 0.77672 -0.0622025 
-13.6348 27.922 -8.35871 -0.172952 0.727837 -0.663582 
-14.2948 7.96002 36.0163 -0.989348 -0.00108051 0.145568 
-16.839 24.7732 2.20282 -0.998488 -0.00526303 0.054717 
-19.8313 -6.89054 20.1718 -0.202844 -0.973234 -0.108025 
-11.4086 32.8395 7.38362 -0.505731 0.848794 0.154227 
-8.39247 27.0461 -20.7678 -0.176189 0.892032 -0.416218 
8.44217 16.4812 -36.3677 -0.0311113 -0.50216 -0.864215 
7.63261 -33.4258 39.7525 -0.0018173 -0.00484369 0.999987 
-14.3015 10.998 17.2953 -0.997857 -0.0650459 0.00708656 
59.4302 27.6645 -0.649492 0.978686 0.198444 0.0528485 
-34.3575 -5.72269 16.1352 -0.202529 0.974997 -0.0914441 
15.6988 19.4489 43.1075 -0.0605791 0.657392 0.75111 
55.4349 0.490839 15.0192 0.999995 1.52319e-05 -0.00318868 
-14.3038 1.98439 10.7995 -1 6.04274e-05 0.000355845 
-17.8343 16.0723 -35.0266 0.389048 0.78095 0.48863 
31.499 17.8042 -36.0454 -0.024868 0.478705 -0.877624 
-40.5705 -37.8878 0.348653 -0.0956345 0.0878076 -0.991536 
55.1165 26.7665 1.36212 0.35937 -0.932988 0.0196624 
-14.3104 1.28332 -7.46369 -0.999996 -0.000658103 -0.00273759 
-28.0389 -10.7692 -24.441 -0.0141736 -0.994683 -0.102007 
-46.1898 -11.233 26.9818 -0.436064 0.887857 0.146827 
22.4892 -13.3178 -36.0922 0.0360257 0.881392 -0.471009 
-10.0725 33.6004 1.89302 -0.196443 0.905341 -0.376521 
35.8041 13.7915 39.7525 -0.0482016 -0.436713 0.898309 
-8.56777 15.224 -31.7319 -0.0163229 -0.746602 -0.665071 
41.0789 38.5239 2.36737 0.635314 0.766288 -0.0958037 
-14.3157 -4.12753 -22.2076 -0.999449 0.0319521 -0.00894639 
44.2066 31.3896 -13.4974 0.0714328 0.872915 -0.482614 
-42.5015 -8.46918 25.2508 -0.24152 0.970389 0.0035607 
40.52 -13.5445 -29.978 -0.000492022 0.0064966 -0.999979 
-17.4256 18.3557 -35.2282 -0.264592 0.686404 -0.677378 
-11.017 26.57 6.78885 -0.567513 0.823075 0.0218477 
10.7637 -38.0912 -31.8765 -0.303535 0.466475 -0.830823 
-26.4848 -19.2367 32.6348 -0.000367292 3.29691e-06 1 
-27.8586 -12.1732 -22.6436 -0.247461 -0.243985 -0.937675 
23.3176 -20.7143 39.7525 -0.000176304 0.000176069 1 
48.6437 3.34805 39.7526 -0.000344095 1.02167e-05 1 
27.5919 15.2301 43.6089 -0.0607988 -0.882473 0.466417 
19.3689 9.26386 39.7525 -0.000169124 -7.04021e-05 1 
-17.2548 15.2276 -5.47686 -0.500509 -0.865603 -0.014878 
-19.5922 -15.999 -22.6408 0.000321856 7.80858e-06 -1 
34.0977 36.1468 15.2235 -0.000114193 0.857914 0.513794 
41.2883 13.7916 39.7526 -0.00212363 -0.381218 0.924483 
36.82 40.3495 1.3717 0.1719 0.915997 -0.362491 
-20.865 17.569 18.9651 -0.974615 0.211024 -0.0747986 
57.7467 15.2258 -6.88609 0.500818 -0.862671 0.07057 
-7.18869 29.7085 -5.0138 -0.491508 0.846637 -0.204025 
-21.0413 -7.14658 24.3979 0.191753 0.972734 0.130459 
