-45.1036 -36.6263 -0.1808 -45.1036 -36.6263 0.0771 -45.1036 -36.235 0.0771
-45.1036 -36.6263 -0.1808 -45.1036 -36.235 0.0771 -45.1036 -36.235 -0.1808
-45.1036 -36.235 -0.1808 -45.1036 -36.235 0.0771 -34.095 -36.235 0.0771
-34.3946 -47.5935 -0.3158 -43.5342 -47.5935 -0.3157 -43.5342 -39.886 -0.3157
-34.3946 -47.5935 -0.3158 -43.5342 -39.886 -0.3157 -34.3946 -39.886 -0.3158
-45.4829 -39.886 1.4017 -45.9952 -39.6144 1.0024 -45.4829 -47.5935 1.4017
-45.9952 -47.8651 1.0024 -45.4829 -47.5935 1.4017 -45.9952 -39.6144 1.0024
-34.3946 -39.886 -0.3158 -33.9954 -39.6144 -0.828 -34.3946 -47.5935 -0.3158
-33.9954 -47.8651 -0.828 -34.3946 -47.5935 -0.3158 -33.9954 -39.6144 -0.828
-43.5342 -47.5935 -0.3157 -43.9335 -47.8651 -0.828 -43.9335 -39.6144 -0.828
-43.9335 -39.6144 -0.828 -43.5342 -39.886 -0.3157 -43.5342 -47.5935 -0.3157
-46.1848 -37.9785 1.0024 -45.9952 -37.8878 1.0024 -45.9952 -37.8878 -0.828
-45.9952 -37.8878 -0.828 -46.1293 -37.9785 -0.9621 -46.1848 -37.9785 1.0024
-46.1293 -37.9785 -0.9621 -45.9952 -37.8878 -0.828 -43.9335 -37.9785 -1.0176
-45.9952 -38.3202 -0.828 -46.1293 -38.2295 -0.9621 -43.9335 -38.2295 -1.0176
-46.1293 -38.2295 -0.9621 -45.9952 -38.3202 -0.828 -46.1848 -38.2295 1.0024
-31.6519 -38.497 -22.4179 -31.6519 -48.6898 -22.4179 -31.6519 -48.6898 32.1505
-34.095 -36.6263 -0.1808 -45.1036 -36.6263 -0.1808 -45.1036 -36.235 -0.1808
-34.095 -36.6263 0.0771 -45.1036 -36.6263 0.0771 -45.1036 -36.6263 -0.1808
-45.1036 -36.235 0.0771 -45.1036 -36.6263 0.0771 -34.095 -36.6263 0.0771
-45.9952 -48.5669 -0.828 -45.9952 -48.5669 1.0024 -45.9952 -47.8651 1.0024
-45.9952 -47.8651 -0.828 -45.9952 -48.5669 -0.828 -45.9952 -47.8651 1.0024
-45.9952 -47.8651 -0.828 -45.9952 -47.8651 1.0024 -45.9952 -39.6144 1.0024
-45.9952 -47.8651 -0.828 -45.9952 -39.6144 1.0024 -45.9952 -39.6144 -0.828
-45.9952 -39.6144 -0.828 -45.9952 -39.6144 1.0024 -45.9952 -38.3202 -0.828
-45.9952 -38.3202 -0.828 -45.9952 -39.6144 1.0024 -45.9952 -38.3202 1.0024
-43.9335 -48.5669 -0.828 -45.9952 -48.5669 -0.828 -45.9952 -47.8651 -0.828
-43.9335 -47.8651 -0.828 -43.9335 -48.5669 -0.828 -45.9952 -47.8651 -0.828
-43.9335 -47.8651 -0.828 -45.9952 -47.8651 -0.828 -45.9952 -39.6144 -0.828
-43.9335 -47.8651 -0.828 -45.9952 -39.6144 -0.828 -43.9335 -39.6144 -0.828
-43.9335 -39.6144 -0.828 -45.9952 -39.6144 -0.828 -45.9952 -38.3202 -0.828
-43.9335 -39.6144 -0.828 -45.9952 -38.3202 -0.828 -43.9335 -38.3202 -0.828
-33.9954 -38.3202 -0.828 -43.9335 -39.6144 -0.828 -43.9335 -38.3202 -0.828
-43.9335 -39.6144 -0.828 -33.9954 -38.3202 -0.828 -33.9954 -39.6144 -0.828
-31.9336 -47.8651 -0.828 -33.9954 -39.6144 -0.828 -31.9336 -39.6144 -0.828
-31.9336 -47.8651 -0.828 -33.9954 -47.8651 -0.828 -33.9954 -39.6144 -0.828
-31.9336 -47.8651 -0.828 -31.9336 -48.5669 -0.828 -33.9954 -47.8651 -0.828
-31.9336 -48.5669 -0.828 -33.9954 -48.5669 -0.828 -33.9954 -47.8651 -0.828
-33.9954 -47.8651 -0.828 -33.9954 -48.5669 -0.828 -43.9335 -48.5669 -0.828
-43.9335 -48.5669 -0.828 -43.9335 -47.8651 -0.828 -33.9954 -47.8651 -0.828
-45.9952 -37.8878 -0.828 -45.9952 -37.8878 1.0024 -43.9335 -37.8878 -0.828
-43.9335 -37.8878 -0.828 -45.9952 -37.8878 1.0024 -43.9335 -37.8878 1.0024
-33.9954 -37.8878 1.0024 -43.9335 -37.8878 1.0024 -43.9335 -37.8878 15.5537
-43.9335 -37.8878 -0.828 -43.9335 -37.8878 1.0024 -33.9954 -37.8878 1.0024
-33.9954 -37.8878 1.0024 -33.9954 -37.8878 -0.828 -43.9335 -37.8878 -0.828
-33.9954 -39.6144 -0.828 -34.3946 -39.886 -0.3158 -43.9335 -39.6144 -0.828
-43.5342 -39.886 -0.3157 -43.9335 -39.6144 -0.828 -34.3946 -39.886 -0.3158
-43.9335 -47.8651 -0.828 -43.5342 -47.5935 -0.3157 -34.3946 -47.5935 -0.3158
-34.3946 -47.5935 -0.3158 -33.9954 -47.8651 -0.828 -43.9335 -47.8651 -0.828
-43.9335 -38.2295 -1.0176 -43.9335 -37.9785 -1.0176 -33.9954 -37.9785 -1.0176
-33.9954 -37.9785 -1.0176 -33.9954 -38.2295 -1.0176 -43.9335 -38.2295 -1.0176
-46.1848 -38.2295 1.0024 -46.1848 -37.9785 1.0024 -46.1293 -37.9785 -0.9621
-46.1293 -37.9785 -0.9621 -46.1293 -38.2295 -0.9621 -46.1848 -38.2295 1.0024
-46.1293 -38.2295 -0.9621 -46.1293 -37.9785 -0.9621 -43.9335 -37.9785 -1.0176
-43.9335 -37.9785 -1.0176 -43.9335 -38.2295 -1.0176 -46.1293 -38.2295 -0.9621
-33.9954 -37.8878 -0.828 -33.9954 -37.9785 -1.0176 -43.9335 -37.9785 -1.0176
-43.9335 -37.9785 -1.0176 -43.9335 -37.8878 -0.828 -33.9954 -37.8878 -0.828
-45.9952 -37.8878 -0.828 -43.9335 -37.8878 -0.828 -43.9335 -37.9785 -1.0176
-43.9335 -38.2295 -1.0176 -33.9954 -38.2295 -1.0176 -33.9954 -38.3202 -0.828
-33.9954 -38.3202 -0.828 -43.9335 -38.3202 -0.828 -43.9335 -38.2295 -1.0176
-43.9335 -38.2295 -1.0176 -43.9335 -38.3202 -0.828 -45.9952 -38.3202 -0.828
-45.9952 -38.3202 -0.828 -45.9952 -38.3202 1.0024 -46.1848 -38.2295 1.0024
