54.494 26.419 18.0345 52.5792 26.419 18.0345 54.4939 27.6645 18.0345
54.4939 27.6645 18.0345 52.5792 26.419 18.0345 52.5792 27.6645 18.0345
54.494 26.419 18.0345 54.494 26.419 18.3178 52.5792 26.419 18.3178
54.494 26.419 18.0345 52.5792 26.419 18.3178 52.5792 26.419 18.0345
50.7378 34.8675 5.3675 54.494 27.7016 18.1221 52.5792 27.7016 18.1221
52.5792 27.7016 18.1221 50.8572 27.7016 18.1221 43.0684 34.8675 5.3675
58.8842 26.419 17.7383 58.3422 26.419 18.2924 58.3422 27.6645 18.2924
58.8842 26.419 17.7383 58.3422 27.6645 18.2924 58.8842 27.6645 17.7383
59.1041 27.6645 18.6629 58.7231 27.6645 18.4777 59.2631 27.6645 17.9185
59.1041 27.6645 18.6629 59.2631 27.6645 17.9185 59.6421 27.6645 18.0986
54.494 26.419 18.3178 58.3422 26.419 18.2924 58.7231 26.419 18.4777
58.3422 26.419 18.2924 54.494 26.419 18.3178 54.494 26.419 18.0345
58.7231 26.419 18.4777 58.3422 26.419 18.2924 58.8842 26.419 17.7383
58.8842 26.419 17.7383 59.2631 26.419 17.9185 58.7231 26.419 18.4777
58.3422 27.6645 18.2924 57.7724 27.725 18.3348 58.3131 27.7279 17.7772
58.3131 27.7279 17.7772 58.8842 27.6645 17.7383 58.3422 27.6645 18.2924
50.7378 34.8675 5.3675 58.3131 27.7279 17.7772 57.7724 27.725 18.3348
54.494 27.6645 18.6011 54.494 27.6645 18.3178 58.7231 27.6645 18.4777
58.7231 27.6645 18.4777 59.1041 27.6645 18.6629 54.494 27.6645 18.6011
57.7724 27.725 18.3348 54.494 27.7016 18.1221 50.7378 34.8675 5.3675
58.1535 26.7665 16.6534 52.2706 26.7665 16.6534 58.1535 20.9856 16.6534
57.7939 22.4397 10.0302 57.7939 25.3124 10.0302 57.7939 25.3124 15.6526
57.7939 25.3124 15.6526 57.7939 22.4397 15.6526 57.7939 22.4397 10.0302
58.1535 20.9856 9.0294 58.1535 22.4063 9.9364 58.1535 20.9856 16.6534
58.1535 25.3458 9.9364 58.1535 26.7665 9.0294 58.1535 26.7665 16.6534
58.1535 26.7665 16.6534 58.1535 25.3458 15.7463 58.1535 25.3458 9.9364
58.1535 25.3458 15.7463 58.1535 26.7665 16.6534 58.1535 20.9856 16.6534
58.1535 20.9856 16.6534 58.1535 22.4063 15.7463 58.1535 25.3458 15.7463
58.1535 22.4063 9.9364 58.1535 22.4063 15.7463 58.1535 20.9856 16.6534
57.7939 25.3124 10.0302 58.1535 25.3458 9.9364 58.1535 25.3458 15.7463
58.1535 25.3458 15.7463 57.7939 25.3124 15.6526 57.7939 25.3124 10.0302
58.1535 22.4063 15.7463 57.7939 22.4397 15.6526 58.1535 25.3458 15.7463
57.7939 25.3124 15.6526 58.1535 25.3458 15.7463 57.7939 22.4397 15.6526
57.7939 22.4397 10.0302 57.7939 22.4397 15.6526 58.1535 22.4063 15.7463
58.1535 22.4063 9.9364 57.7939 22.4397 10.0302 58.1535 22.4063 15.7463
54.494 27.6645 18.6011 59.1041 27.6645 18.6629 59.1041 28.0259 18.6629
54.494 28.0259 18.6011 54.494 27.6645 18.6011 59.1041 28.0259 18.6629
59.6421 27.6645 18.0986 59.6421 28.0259 18.0986 59.1041 28.0259 18.6629
59.1041 28.0259 18.6629 59.1041 27.6645 18.6629 59.6421 27.6645 18.0986
54.494 26.419 18.0345 54.4939 27.6645 18.0345 58.3422 27.6645 18.2924
58.3422 27.6645 18.2924 58.3422 26.419 18.2924 54.494 26.419 18.0345
59.2631 26.419 17.9185 59.2631 27.6645 17.9185 58.7231 27.6645 18.4777
58.7231 27.6645 18.4777 58.7231 26.419 18.4777 59.2631 26.419 17.9185
58.7231 27.6645 18.4777 54.494 27.6645 18.3178 54.494 26.419 18.3178
54.494 26.419 18.3178 58.7231 26.419 18.4777 58.7231 27.6645 18.4777
54.494 27.6645 18.6011 54.494 28.0259 18.6011 52.5792 28.0259 18.6011
52.5792 28.0259 18.6011 52.5792 27.6645 18.6011 54.494 27.6645 18.6011
52.5792 27.6645 18.6011 52.5792 28.0259 18.6011 50.8572 28.0259 18.6011
50.8572 28.0259 18.6011 50.8572 27.6645 18.6011 52.5792 27.6645 18.6011
52.5792 27.6645 18.3178 50.8572 27.6645 18.6011 50.8572 27.6645 18.3178
52.5792 27.6645 18.3178 52.5792 27.6645 18.6011 50.8572 27.6645 18.6011
54.494 27.6645 18.3178 52.5792 27.6645 18.6011 52.5792 27.6645 18.3178
54.494 27.6645 18.3178 54.494 27.6645 18.6011 52.5792 27.6645 18.6011
52.5792 26.419 18.3178 54.494 26.419 18.3178 54.494 27.6645 18.3178
54.494 27.6645 18.3178 52.5792 27.6645 18.3178 52.5792 26.419 18.3178
62.2281 16.5684 10.8762 62.2281 17.3776 10.8762 62.2281 17.3776 44.5156
61.1224 16.3251 10.4912 62.2281 16.5684 10.8762 61.1224 16.3251 42.6882
62.2281 17.3776 10.8762 38.1872 41.4169 5.0181 62.2281 17.3776 44.5156
59.1041 28.0259 18.6629 50.7378 35.3905 5.3973 54.494 28.0259 18.6011
50.7378 35.3905 5.3973 59.1041 28.0259 18.6629 59.6421 28.0259 18.0986
52.5792 28.0259 18.6011 54.494 28.0259 18.6011 50.7378 35.3905 5.3973
43.0685 35.3905 5.3973 50.8572 28.0259 18.6011 52.5792 28.0259 18.6011
62.2281 17.3776 44.5156 38.1872 41.4169 5.0181 36.7826 41.4191 6.4192
