16.5163 -18.3656 -30.2051 16.712 -36.1252 -29.9965 16.5163 -36.3209 -30.2051
15.5884 -17.441 -29.978 15.8046 -37.0325 -30.2051 15.5884 -37.2487 -29.978
10.7598 -40.0273 -36.3879 10.7598 -40.2926 -36.3878 10.665 -40.0273 -32.7181
10.7598 -40.2926 -36.3878 10.665 -40.294 -32.7113 10.665 -40.0273 -32.7181
10.7598 -41.9589 -39.7807 10.7596 -42.2243 -39.7804 10.665 -41.9589 -36.1113
10.7596 -42.2243 -39.7804 10.665 -42.2329 -36.1075 10.665 -41.9589 -36.1113
10.7598 -45.8221 -46.5663 10.7598 -46.1158 -46.5663 10.665 -45.8221 -42.897
10.7598 -46.1158 -46.5663 10.665 -46.1158 -42.8939 10.665 -45.8221 -42.897
10.7598 -40.2926 -36.3878 10.9887 -40.3243 -36.0756 10.665 -40.294 -32.7113
10.9887 -40.3243 -36.0756 10.9887 -40.3257 -32.6744 10.665 -40.294 -32.7113
10.665 -40.294 -32.7113 10.9887 -40.3257 -32.6744 10.9887 -39.9956 -32.6828
10.9887 -39.9956 -32.6828 10.665 -40.0273 -32.7181 10.665 -40.294 -32.7113
10.9887 -39.9956 -36.0756 10.7598 -40.0273 -36.3879 10.665 -40.0273 -32.7181
10.665 -40.0273 -32.7181 10.9887 -39.9956 -32.6828 10.9887 -39.9956 -36.0756
10.7596 -42.2243 -39.7804 10.9887 -42.2559 -39.4685 10.665 -42.2329 -36.1075
10.9887 -42.2559 -39.4685 10.9887 -42.2647 -36.071 10.665 -42.2329 -36.1075
10.665 -42.2329 -36.1075 10.9887 -42.2647 -36.071 10.9887 -41.9272 -36.0756
10.9887 -41.9272 -36.0756 10.665 -41.9589 -36.1113 10.665 -42.2329 -36.1075
10.9887 -41.9272 -39.4685 10.7598 -41.9589 -39.7807 10.665 -41.9589 -36.1113
10.665 -41.9589 -36.1113 10.9887 -41.9272 -36.0756 10.9887 -41.9272 -39.4685
10.7599 -44.1559 -43.1736 10.9887 -44.1875 -42.8612 10.665 -44.1533 -39.5044
10.9887 -44.1875 -42.8612 10.9887 -44.185 -39.4683 10.665 -44.1533 -39.5044
10.9887 -44.185 -39.4683 10.9887 -43.8588 -39.4685 10.665 -43.8905 -39.5045
10.665 -43.8905 -39.5045 10.665 -44.1533 -39.5044 10.9887 -44.185 -39.4683
10.9887 -43.8588 -42.8612 10.7598 -43.8905 -43.1736 10.665 -43.8905 -39.5045
10.665 -43.8905 -39.5045 10.9887 -43.8588 -39.4685 10.9887 -43.8588 -42.8612
10.7598 -46.1158 -46.5663 10.9887 -46.1475 -46.254 10.665 -46.1158 -42.8939
10.9887 -46.1475 -46.254 10.9887 -46.1475 -42.8575 10.665 -46.1158 -42.8939
10.9887 -46.1475 -42.8575 10.9887 -45.7904 -42.8612 10.665 -45.8221 -42.897
10.665 -45.8221 -42.897 10.665 -46.1158 -42.8939 10.9887 -46.1475 -42.8575
10.9887 -45.7904 -46.254 10.7598 -45.8221 -46.5663 10.665 -45.8221 -42.897
10.665 -45.8221 -42.897 10.9887 -45.7904 -42.8612 10.9887 -45.7904 -46.254
10.7599 -38.361 -32.9953 10.9887 -38.3927 -32.6828 10.665 -38.358 -29.3261
10.9887 -38.3927 -32.6828 10.9887 -38.3896 -29.29 10.665 -38.358 -29.3261
10.9887 -38.3896 -29.29 10.9887 -38.0639 -29.29 10.665 -38.0956 -29.3261
10.665 -38.0956 -29.3261 10.665 -38.358 -29.3261 10.9887 -38.3896 -29.29
10.9887 -38.0639 -32.6828 10.7598 -38.0956 -32.9951 10.665 -38.0956 -29.3261
10.665 -38.0956 -29.3261 10.9887 -38.0639 -29.29 10.9887 -38.0639 -32.6828
10.9887 -38.0639 -32.6828 10.9887 -38.0639 -29.29 31.0563 -38.0639 -29.29
10.9887 -45.7904 -46.254 10.9887 -45.7904 -42.8612 31.0563 -45.7904 -42.8612
31.2853 -40.2926 -36.3878 10.9887 -40.3243 -36.0756 10.7598 -40.2926 -36.3878
31.0563 -42.2559 -39.4685 10.9887 -43.8588 -39.4685 10.9887 -42.2559 -39.4685
31.0563 -44.1875 -42.8612 10.9887 -45.7904 -42.8612 10.9887 -44.1875 -42.8612
10.9887 -39.9956 -36.0756 10.9887 -39.9956 -32.6828 31.0563 -39.9956 -32.6828
31.2854 -42.2243 -39.7804 10.9887 -42.2559 -39.4685 10.7596 -42.2243 -39.7804
31.2851 -38.361 -32.9953 10.9887 -38.3927 -32.6828 10.7599 -38.361 -32.9953
53.3513 -48.6898 -29.3178 -12.1876 -48.6898 -29.406 -12.1876 -38.497 -29.406
15.8046 -17.6565 -30.2051 16.5163 -36.3209 -30.2051 15.8046 -37.0325 -30.2051
10.9887 -38.3896 -29.29 10.9887 -38.3927 -32.6828 10.9887 -39.9956 -32.6828
10.9887 -40.3257 -32.6744 10.9887 -38.3896 -29.29 10.9887 -39.9956 -32.6828
10.9887 -38.3896 -29.29 10.9887 -40.3257 -32.6744 10.9887 -47.722 -29.29
10.9887 -40.3257 -32.6744 10.9887 -42.2647 -36.071 10.9887 -47.722 -29.29
10.9887 -40.3257 -32.6744 10.9887 -41.9272 -36.0756 10.9887 -42.2647 -36.071
10.9887 -40.3257 -32.6744 10.9887 -40.3243 -36.0756 10.9887 -41.9272 -36.0756
10.9887 -44.185 -39.4683 10.9887 -44.1875 -42.8612 10.9887 -45.7904 -42.8612
10.9887 -44.185 -39.4683 10.9887 -45.7904 -42.8612 10.9887 -46.1475 -42.8575
10.9887 -42.2647 -36.071 10.9887 -42.2559 -39.4685 10.9887 -43.8588 -39.4685
10.9887 -43.8588 -39.4685 10.9887 -44.185 -39.4683 10.9887 -42.2647 -36.071
10.9887 -42.2647 -36.071 10.9887 -44.185 -39.4683 10.9887 -47.722 -29.29
10.9887 -46.1475 -42.8575 10.9887 -47.722 -29.29 10.9887 -44.185 -39.4683
10.9887 -47.722 -46.254 10.9887 -47.722 -29.29 10.9887 -46.1475 -42.8575
10.9887 -46.1475 -46.254 10.9887 -47.722 -46.254 10.9887 -46.1475 -42.8575
31.2854 -42.2243 -39.7804 10.7596 -42.2243 -39.7804 10.7598 -41.9589 -39.7807
10.665 -44.1533 -39.5044 10.665 -43.8905 -39.5045 10.7598 -43.8905 -43.1736
10.7598 -43.8905 -43.1736 10.7599 -44.1559 -43.1736 10.665 -44.1533 -39.5044
31.0563 -41.9272 -39.4685 10.9887 -41.9272 -39.4685 10.9887 -41.9272 -36.0756
10.665 -38.358 -29.3261 10.665 -38.0956 -29.3261 10.7598 -38.0956 -32.9951
10.7598 -38.0956 -32.9951 10.7599 -38.361 -32.9953 10.665 -38.358 -29.3261
10.7598 -41.9589 -39.7807 10.9887 -41.9272 -39.4685 31.2852 -41.9589 -39.7807
10.7598 -43.8905 -43.1736 10.9887 -43.8588 -42.8612 31.0563 -43.8588 -42.8612
10.7598 -38.0956 -32.9951 10.9887 -38.0639 -32.6828 31.0563 -38.0639 -32.6828
10.9887 -41.9272 -36.0756 10.9887 -40.3243 -36.0756 31.0563 -40.3243 -36.0756
10.7599 -44.1559 -43.1736 10.7598 -43.8905 -43.1736 31.2852 -43.8905 -43.1736
31.2852 -40.0273 -36.3879 10.7598 -40.0273 -36.3879 10.9887 -39.9956 -36.0756
31.2851 -38.361 -32.9953 10.7599 -38.361 -32.9953 10.7598 -38.0956 -32.9951
31.0563 -43.8588 -42.8612 10.9887 -43.8588 -42.8612 10.9887 -43.8588 -39.4685
10.7598 -40.2926 -36.3878 10.7598 -40.0273 -36.3879 31.2852 -40.0273 -36.3879
10.9887 -39.9956 -32.6828 10.9887 -38.3927 -32.6828 31.0563 -38.3927 -32.6828
31.0563 -44.1875 -42.8612 10.9887 -44.1875 -42.8612 10.7599 -44.1559 -43.1736
15.5884 -37.2487 -29.978 15.5874 -38.0011 -29.978 8.2317 -31.9474 -29.978
15.5874 -38.0011 -29.978 15.6821 -38.497 -29.3175 -13.6217 -38.474 -29.4079
