35.937 -1.9693 40.0092 36.1119 -1.7944 39.5963 36.1119 10.0971 39.5963
35.937 -1.9693 40.0092 36.1119 10.0971 39.5963 35.937 10.2719 40.0091
42.8594 -1.9693 40.0091 42.6845 -1.7944 39.5963 36.1119 -1.7944 39.5963
42.8594 -1.9693 40.0091 36.1119 -1.7944 39.5963 35.937 -1.9693 40.0092
42.6845 10.0971 39.5963 42.6845 -1.7944 39.5963 42.8594 -1.9693 40.0091
42.8594 -1.9693 40.0091 42.8594 10.2719 40.0091 42.6845 10.0971 39.5963
35.4938 -2.4125 40.0091 35.937 -1.9693 40.0092 35.937 10.2719 40.0091
35.4938 -2.4125 40.0091 35.937 10.2719 40.0091 35.4938 10.7151 40.0091
43.3025 10.7151 40.0092 42.8594 -1.9693 40.0091 43.3025 -2.4125 40.0092
43.3025 10.7151 40.0092 42.8594 10.2719 40.0091 42.8594 -1.9693 40.0091
35.2364 10.9725 39.7525 35.2365 -2.6698 39.7525 35.4938 -2.4125 40.0091
35.4938 -2.4125 40.0091 35.4938 10.7151 40.0091 35.2364 10.9725 39.7525
43.3025 10.7151 40.0092 43.3025 -2.4125 40.0092 43.5599 -2.6698 39.7525
43.5599 -2.6698 39.7525 43.5599 10.9725 39.7526 43.3025 10.7151 40.0092
35.2364 10.9725 39.7525 35.4938 10.7151 40.0091 43.3025 10.7151 40.0092
35.2364 10.9725 39.7525 43.3025 10.7151 40.0092 43.5599 10.9725 39.7526
35.4938 10.7151 40.0091 35.937 10.2719 40.0091 42.8594 10.2719 40.0091
35.4938 10.7151 40.0091 42.8594 10.2719 40.0091 43.3025 10.7151 40.0092
36.1119 -1.7944 39.5963 42.6845 -1.7944 39.5963 42.6845 10.0971 39.5963
42.6845 10.0971 39.5963 36.1119 10.0971 39.5963 36.1119 -1.7944 39.5963
43.3025 -2.4125 40.0092 35.4938 -2.4125 40.0091 35.2365 -2.6698 39.7525
35.2365 -2.6698 39.7525 43.5599 -2.6698 39.7525 43.3025 -2.4125 40.0092
35.937 -1.9693 40.0092 35.4938 -2.4125 40.0091 43.3025 -2.4125 40.0092
43.3025 -2.4125 40.0092 42.8594 -1.9693 40.0091 35.937 -1.9693 40.0092
42.8594 10.2719 40.0091 35.937 10.2719 40.0091 36.1119 10.0971 39.5963
36.1119 10.0971 39.5963 42.6845 10.0971 39.5963 42.8594 10.2719 40.0091
26.1598 15.2352 45.4271 25.5657 15.2193 39.7525 55.4349 15.2193 39.7526
26.1598 16.3251 45.4271 26.1598 15.2352 45.4271 58.2044 15.2352 45.4271
60.1775 17.3776 46.5663 26.5379 17.3776 46.5663 26.5379 16.5684 46.5663
26.5379 16.5684 46.5663 26.1598 16.3251 45.4271 58.3569 16.3251 45.4271
43.5599 -2.6698 39.7525 35.2365 -2.6698 39.7525 32.9224 -17.4509 39.7525
35.2365 -2.6698 39.7525 25.5657 -2.6698 39.7525 32.9224 -17.4509 39.7525
25.5657 -2.6698 39.7525 35.2365 -2.6698 39.7525 35.2364 10.9725 39.7525
35.2364 10.9725 39.7525 25.5657 15.2193 39.7525 25.5657 -2.6698 39.7525
25.5657 15.2193 39.7525 35.2364 10.9725 39.7525 43.5599 10.9725 39.7526
25.5657 15.2193 39.7525 43.5599 10.9725 39.7526 55.4349 15.2193 39.7526
43.5599 10.9725 39.7526 43.5599 -2.6698 39.7525 55.4349 -2.6925 39.7526
