61.1224 16.3251 -2.5373 61.1224 15.2352 -2.5373 61.1224 15.2352 -32.7319
61.1224 15.2352 -2.5373 55.4349 15.2193 -1.7586 55.439 15.2193 -29.9747
55.2786 10.0971 -17.2313 55.2786 -1.7944 -17.2313 55.6915 -1.9693 -17.4062
55.6915 -1.9693 -17.4062 55.6915 10.2719 -17.4062 55.2786 10.0971 -17.2313
55.2786 -1.7944 -17.2313 55.2786 -1.7944 -10.6587 55.6915 -1.9693 -10.4838
55.6915 -1.9693 -10.4838 55.6915 -1.9693 -17.4062 55.2786 -1.7944 -17.2313
55.2786 10.0971 -10.6587 55.6915 10.2719 -10.4838 55.6915 -1.9693 -10.4838
55.6915 -1.9693 -10.4838 55.2786 -1.7944 -10.6587 55.2786 10.0971 -10.6587
55.6915 10.2719 -10.4838 55.2786 10.0971 -10.6587 55.2786 10.0971 -17.2313
55.2786 10.0971 -17.2313 55.6915 10.2719 -17.4062 55.6915 10.2719 -10.4838
55.6915 10.2719 -17.4062 55.6915 -1.9693 -17.4062 55.6915 -2.4124 -17.8494
55.6915 10.7151 -17.8494 55.6915 10.2719 -17.4062 55.6915 -2.4124 -17.8494
55.6915 -2.4124 -10.0406 55.6915 -1.9693 -10.4838 55.6915 10.2719 -10.4838
55.6915 10.2719 -10.4838 55.6915 10.7151 -10.0406 55.6915 -2.4124 -10.0406
55.6915 10.7151 -17.8494 55.6915 -2.4124 -17.8494 55.4349 -2.6698 -18.1067
55.4349 10.9725 -18.1067 55.6915 10.7151 -17.8494 55.4349 -2.6698 -18.1067
55.4349 -2.6698 -9.7833 55.6915 -2.4124 -10.0406 55.6915 10.7151 -10.0406
55.6915 10.7151 -10.0406 55.4349 10.9725 -9.7833 55.4349 -2.6698 -9.7833
55.2786 -1.7944 -10.6587 55.2786 -1.7944 -17.2313 55.2786 10.0971 -17.2313
55.2786 -1.7944 -10.6587 55.2786 10.0971 -17.2313 55.2786 10.0971 -10.6587
55.6915 10.7151 -10.0406 55.6915 10.7151 -17.8494 55.4349 10.9725 -18.1067
55.4349 10.9725 -9.7833 55.6915 10.7151 -10.0406 55.4349 10.9725 -18.1067
55.6915 -2.4124 -10.0406 55.4349 -2.6698 -9.7833 55.4349 -2.6698 -18.1067
55.4349 -2.6698 -18.1067 55.6915 -2.4124 -17.8494 55.6915 -2.4124 -10.0406
55.6915 10.2719 -10.4838 55.6915 10.2719 -17.4062 55.6915 10.7151 -17.8494
55.6915 10.7151 -10.0406 55.6915 10.2719 -10.4838 55.6915 10.7151 -17.8494
55.6915 -1.9693 -10.4838 55.6915 -2.4124 -10.0406 55.6915 -2.4124 -17.8494
55.6915 -2.4124 -17.8494 55.6915 -1.9693 -17.4062 55.6915 -1.9693 -10.4838
55.4349 -17.4114 -1.7586 55.4349 -2.6698 -1.7586 55.4349 -2.6698 9.8835
55.4349 -17.4015 -18.0123 55.4349 -2.6698 -18.1067 55.4349 -2.6698 -9.7833
55.4349 10.9725 -18.1067 55.4349 -2.6698 -18.1067 55.439 -2.6759 -29.9747
55.4349 15.2193 -1.7586 55.4349 10.9725 -18.1067 55.439 15.2193 -29.9747
55.4349 15.2193 -1.7586 55.4349 10.9725 -9.7833 55.4349 10.9725 -18.1067
55.4349 -2.6698 -1.7586 55.4349 10.9725 -9.7833 55.4349 15.2193 -1.7586
55.4349 -2.6698 -1.7586 55.4349 -2.6698 -9.7833 55.4349 10.9725 -9.7833
55.4349 -17.4015 -9.7709 55.4349 -2.6698 -9.7833 55.4349 -2.6698 -1.7586
55.4349 -2.6698 9.8835 55.4349 -2.6698 -1.7586 55.4349 15.2193 -1.7586
