54.494 26.419 -8.3934 52.5792 26.419 -8.3934 54.494 27.6645 -8.3934
54.494 27.6645 -8.3934 52.5792 26.419 -8.3934 52.5792 27.6645 -8.3934
52.5792 27.6645 -8.6775 50.8572 27.6645 -8.3934 50.8572 27.6645 -8.6775
52.5792 27.6645 -8.6775 52.5792 27.6645 -8.3934 50.8572 27.6645 -8.3934
54.494 27.6645 -8.3934 52.5792 27.6645 -8.3934 52.5792 27.6645 -8.6775
52.5792 27.6645 -8.6775 54.494 27.6645 -8.6775 54.494 27.6645 -8.3934
43.0684 34.8666 2.9278 50.8572 27.7001 -8.198 52.5792 27.7001 -8.198
52.5792 27.7001 -8.198 54.494 27.7001 -8.198 50.7378 34.8666 2.9278
52.5792 28.0259 -8.6775 50.8572 27.6645 -8.6775 50.8572 28.0259 -8.6775
50.8572 27.6645 -8.6775 52.5792 28.0259 -8.6775 52.5792 27.6645 -8.6775
54.494 28.0259 -8.6775 52.5792 27.6645 -8.6775 52.5792 28.0259 -8.6775
52.5792 27.6645 -8.6775 54.494 28.0259 -8.6775 54.494 27.6645 -8.6775
59.1978 26.419 -7.8828 58.5263 26.419 -8.6112 58.5263 27.6645 -8.6112
59.1978 26.419 -7.8828 58.5263 27.6645 -8.6112 59.1978 27.6645 -7.8828
58.5263 26.419 -8.6112 58.1476 26.419 -8.424 54.494 26.419 -8.3934
58.1476 26.419 -8.424 54.494 26.419 -8.1092 54.494 26.419 -8.3934
58.1476 26.419 -8.424 58.5263 26.419 -8.6112 58.821 26.419 -7.7009
59.1978 26.419 -7.8828 58.821 26.419 -7.7009 58.5263 26.419 -8.6112
57.5772 27.725 -8.467 58.1476 27.6645 -8.4239 58.2493 27.7281 -7.7403
58.821 27.6645 -7.7009 58.2493 27.7281 -7.7403 58.1476 27.6645 -8.4239
50.7378 34.8666 2.9278 57.5772 27.725 -8.467 58.2493 27.7281 -7.7403
58.9051 27.6645 -8.7985 58.5263 27.6645 -8.6112 54.494 27.6645 -8.6775
54.494 27.6645 -8.3934 54.494 27.6645 -8.6775 58.5263 27.6645 -8.6112
54.494 27.7001 -8.198 57.5772 27.725 -8.467 50.7378 34.8666 2.9278
57.7939 22.4397 0.4047 57.7939 22.4397 -5.2177 57.7939 25.3124 -5.2177
58.1536 20.9856 -6.2185 58.1536 22.4063 -5.3115 58.1535 22.4063 0.4985
58.1535 25.3458 -5.3115 58.1536 22.4063 -5.3115 58.1536 20.9856 -6.2185
58.1536 26.7665 -6.2185 58.1535 25.3458 -5.3115 58.1536 20.9856 -6.2185
58.1535 25.3458 0.4985 58.1535 25.3458 -5.3115 58.1536 26.7665 -6.2185
58.1535 26.7665 1.4055 58.1535 25.3458 0.4985 58.1536 26.7665 -6.2185
58.1536 22.4063 -5.3115 57.7939 22.4397 -5.2177 58.1535 22.4063 0.4985
57.7939 22.4397 -5.2177 58.1536 22.4063 -5.3115 58.1535 25.3458 -5.3115
58.1535 25.3458 -5.3115 57.7939 25.3124 -5.2177 57.7939 22.4397 -5.2177
57.7939 25.3124 -5.2177 58.1535 25.3458 -5.3115 58.1535 25.3458 0.4985
58.9051 27.6645 -8.7985 54.494 27.6645 -8.6775 54.494 28.0259 -8.6775
58.9051 28.0259 -8.7985 58.9051 27.6645 -8.7985 54.494 28.0259 -8.6775
59.5746 27.6645 -8.0647 58.9051 27.6645 -8.7985 58.9051 28.0259 -8.7985
59.5746 28.0259 -8.0647 59.5746 27.6645 -8.0647 58.9051 28.0259 -8.7985
58.9051 27.6645 -8.7985 59.5746 27.6645 -8.0647 59.1978 27.6645 -7.8828
59.1978 27.6645 -7.8828 58.5263 27.6645 -8.6112 58.9051 27.6645 -8.7985
58.821 26.419 -7.7009 58.821 27.6645 -7.7009 58.1476 27.6645 -8.4239
58.1476 27.6645 -8.4239 58.1476 26.419 -8.424 58.821 26.419 -7.7009
54.494 26.419 -8.1092 58.1476 26.419 -8.424 58.1476 27.6645 -8.4239
54.494 27.6645 -8.1092 54.494 26.419 -8.1092 58.1476 27.6645 -8.4239
54.494 26.419 -8.3934 54.494 27.6645 -8.3934 58.5263 27.6645 -8.6112
58.5263 27.6645 -8.6112 58.5263 26.419 -8.6112 54.494 26.419 -8.3934
54.494 26.419 -8.1092 52.5792 26.419 -8.1092 52.5792 26.419 -8.3934
52.5792 26.419 -8.3934 54.494 26.419 -8.3934 54.494 26.419 -8.1092
54.494 26.419 -8.1092 54.494 27.6645 -8.1092 52.5792 27.6645 -8.1092
52.5792 27.6645 -8.1092 52.5792 26.419 -8.1092 54.494 26.419 -8.1092
62.2281 17.3776 -3.0348 62.2281 16.5684 -3.0348 62.2328 16.5684 -34.6991
62.2281 16.5684 -3.0348 61.1224 16.3251 -2.5373 61.1224 16.3251 -32.8843
52.2706 26.7665 -6.2185 58.1536 26.7665 -6.2185 58.1536 20.9856 -6.2185
54.494 28.0259 -8.6775 52.5792 28.0259 -8.6775 50.7378 35.3893 2.8978
62.2328 17.3776 -34.6991 38.18 41.4222 4.4722 62.2281 17.3776 -3.0348
54.494 28.0259 -8.6775 50.7378 35.3893 2.8978 58.9051 28.0259 -8.7985
59.5746 28.0259 -8.0647 58.9051 28.0259 -8.7985 50.7378 35.3893 2.8978
52.5792 28.0259 -8.6775 50.8572 28.0259 -8.6775 43.0685 35.3893 2.8978
62.2328 17.3776 -34.6991 36.8604 41.4205 3.1491 38.18 41.4222 4.4722
