-45.623 -38.1513 -0.3522 -45.623 -38.1513 1.8141 -45.623 -10.4075 1.8141
-45.623 -38.1513 -0.3522 -45.623 -10.4075 1.8141 -45.623 -10.4075 -0.3522
-45.623 -38.1513 1.8141 -44.1132 -38.1513 1.8141 -44.1132 -10.4075 1.8141
-45.623 -38.1513 1.8141 -44.1132 -10.4075 1.8141 -45.623 -10.4075 1.8141
-44.1132 -38.1513 1.8141 -44.1132 -38.1513 -0.3522 -44.1132 -10.4075 -0.3522
-44.1132 -38.1513 1.8141 -44.1132 -10.4075 -0.3522 -44.1132 -10.4075 1.8141
-44.1132 -38.1513 -0.3522 -45.623 -38.1513 -0.3522 -45.623 -10.4075 -0.3522
-44.1132 -38.1513 -0.3522 -45.623 -10.4075 -0.3522 -44.1132 -10.4075 -0.3522
-44.6256 -36.6263 7.1318 -44.3677 -36.6263 7.1318 -44.3677 -36.235 7.1318
-44.6256 -36.6263 7.1318 -44.3677 -36.235 7.1318 -44.6256 -36.235 7.1318
-44.7579 -30.6313 7.1318 -44.5001 -30.6313 7.1318 -44.5001 -30.2401 7.1318
-44.7579 -30.6313 7.1318 -44.5001 -30.2401 7.1318 -44.7579 -30.2401 7.1318
-44.849 -30.6313 -0.1437 -44.849 -30.6313 0.1142 -44.849 -30.2401 0.1142
-44.849 -30.6313 -0.1437 -44.849 -30.2401 0.1142 -44.849 -30.2401 -0.1437
-44.849 -30.2401 -0.1437 -44.849 -30.2401 0.1142 -33.8404 -30.2401 0.1142
-44.4413 -30.5125 8.2926 -44.5922 -30.7067 8.1425 -44.5922 -30.7067 6.8984
-44.4413 -30.5125 8.2926 -44.5922 -30.7067 6.8984 -44.4413 -30.5125 6.7482
-47.1271 -39.8389 7.4054 -47.1271 -31.1506 7.9928 -47.1271 -31.1506 7.4054
-46.5854 -39.8389 7.9928 -46.5854 -30.8984 7.4054 -46.5854 -30.8984 7.9928
-46.5854 -39.8389 7.4054 -47.1271 -31.1506 7.4054 -46.5854 -30.8984 7.4054
-45.063 -30.0087 8.0727 -45.1853 -29.7115 8.0727 -62.2328 -40.797 8.0727
-45.063 -30.0087 7.3255 -45.063 -30.0087 8.0727 -62.1106 -41.0941 8.0727
-62.2328 -40.797 7.3255 -45.1853 -29.7115 7.3255 -45.063 -30.0087 7.3255
-44.4814 -36.26 1.5606 -44.4814 -36.26 7.2688 -44.4814 -30.6313 1.5606
-44.4814 -30.6313 1.5606 -44.4814 -36.26 7.2688 -44.4814 -30.6313 7.2688
-44.5001 -30.2401 1.4662 -44.7579 -30.2401 7.1318 -44.5001 -30.2401 7.1318
-44.7579 -30.2401 7.1318 -44.5001 -30.2401 1.4662 -44.7579 -30.2401 1.4662
-44.3677 -36.235 1.4662 -44.6256 -36.235 7.1318 -44.3677 -36.235 7.1318
-44.6256 -36.235 7.1318 -44.3677 -36.235 1.4662 -44.6256 -36.235 1.4662
-34.1103 -30.6313 0.0818 -45.1189 -36.26 0.0818 -45.1189 -30.6313 0.0818
-44.4413 -30.5125 6.7482 -44.5922 -30.7067 6.8984 -45.5025 -30.7067 6.8984
-44.4413 -30.5125 6.7482 -45.5025 -30.7067 6.8984 -45.6535 -30.5125 6.7482
-45.6535 -30.5125 6.7482 -45.5025 -30.7067 6.8984 -45.5025 -30.7067 8.1425
-45.6535 -30.5125 6.7482 -45.5025 -30.7067 8.1425 -45.6534 -30.5125 8.2926
-45.6534 -30.5125 8.2926 -45.5025 -30.7067 8.1425 -44.5922 -30.7067 8.1425
-45.6534 -30.5125 8.2926 -44.5922 -30.7067 8.1425 -44.4413 -30.5125 8.2926
-44.6256 -36.235 7.1318 -44.6256 -36.235 1.4662 -44.6256 -36.6263 1.4662
-44.6256 -36.6263 1.4662 -44.6256 -36.6263 7.1318 -44.6256 -36.235 7.1318
-44.3677 -36.6263 7.1318 -44.6256 -36.6263 7.1318 -44.6256 -36.6263 1.4662
-44.6256 -36.6263 1.4662 -44.3677 -36.6263 1.4662 -44.3677 -36.6263 7.1318
-44.3677 -36.6263 7.1318 -44.3677 -36.6263 1.4662 -44.3677 -36.235 1.4662
-44.3677 -36.235 7.1318 -44.3677 -36.6263 7.1318 -44.3677 -36.235 1.4662
-44.7579 -30.6313 1.4662 -44.7579 -30.6313 7.1318 -44.7579 -30.2401 7.1318
-44.7579 -30.2401 1.4662 -44.7579 -30.6313 1.4662 -44.7579 -30.2401 7.1318
-44.5001 -30.6313 7.1318 -44.7579 -30.6313 7.1318 -44.7579 -30.6313 1.4662
-44.7579 -30.6313 1.4662 -44.5001 -30.6313 1.4662 -44.5001 -30.6313 7.1318
-33.8404 -30.6313 -0.1437 -44.849 -30.6313 -0.1437 -44.849 -30.2401 -0.1437
-33.8404 -30.6313 0.1142 -44.849 -30.6313 0.1142 -44.849 -30.6313 -0.1437
-44.5001 -30.6313 1.4662 -44.5001 -30.2401 1.4662 -44.5001 -30.2401 7.1318
-44.5001 -30.2401 7.1318 -44.5001 -30.6313 7.1318 -44.5001 -30.6313 1.4662
-44.849 -30.2401 0.1142 -44.849 -30.6313 0.1142 -33.8404 -30.6313 0.1142
-44.5922 -38.0846 6.8984 -44.5922 -30.7067 6.8984 -44.5922 -30.7067 8.1425
-44.5922 -30.7067 8.1425 -44.5922 -38.0846 8.1425 -44.5922 -38.0846 6.8984
-44.5922 -38.0846 8.1425 -44.5922 -30.7067 8.1425 -45.5025 -30.7067 8.1425
-45.5025 -30.7067 8.1425 -45.5025 -38.0846 8.1425 -44.5922 -38.0846 8.1425
-45.5025 -38.0846 8.1425 -45.5025 -30.7067 8.1425 -45.5025 -30.7067 6.8984
-45.5025 -30.7067 6.8984 -45.5025 -38.0846 6.8984 -45.5025 -38.0846 8.1425
-45.5025 -38.0846 6.8984 -45.5025 -30.7067 6.8984 -44.5922 -30.7067 6.8984
-44.5922 -30.7067 6.8984 -44.5922 -38.0846 6.8984 -45.5025 -38.0846 6.8984
-45.6534 -29.4897 8.2926 -44.4413 -29.4897 8.2926 -44.4413 -29.4897 6.7482
-44.4413 -29.4897 6.7482 -45.6535 -29.4897 6.7482 -45.6534 -29.4897 8.2926
-44.4413 -30.5125 6.7482 -44.4413 -29.4897 6.7482 -44.4413 -29.4897 8.2926
-44.4413 -29.4897 8.2926 -44.4413 -30.5125 8.2926 -44.4413 -30.5125 6.7482
-44.4413 -30.5125 8.2926 -44.4413 -29.4897 8.2926 -45.6534 -29.4897 8.2926
-45.6534 -29.4897 8.2926 -45.6534 -30.5125 8.2926 -44.4413 -30.5125 8.2926
-45.6534 -30.5125 8.2926 -45.6534 -29.4897 8.2926 -45.6535 -29.4897 6.7482
-45.6535 -29.4897 6.7482 -45.6535 -30.5125 6.7482 -45.6534 -30.5125 8.2926
-45.6535 -30.5125 6.7482 -45.6535 -29.4897 6.7482 -44.4413 -29.4897 6.7482
-44.4413 -29.4897 6.7482 -44.4413 -30.5125 6.7482 -45.6535 -30.5125 6.7482
-46.5854 -39.8389 7.9928 -46.5854 -30.8984 7.9928 -47.1271 -31.1506 7.9928
-62.2328 -40.797 8.0727 -45.1853 -29.7115 8.0727 -45.1853 -29.7115 7.3255
-45.063 -30.0087 8.0727 -45.063 -30.0087 7.3255 -45.1853 -29.7115 7.3255
-45.1853 -29.7115 8.0727 -45.063 -30.0087 8.0727 -45.1853 -29.7115 7.3255
