5.2171 10.2719 -30.2346 5.2171 -1.9693 -30.2346 5.0423 -1.7944 -29.8217
5.0423 -1.7944 -29.8217 5.0423 10.0971 -29.8217 5.2171 10.2719 -30.2346
-1.7052 -1.9693 -30.2346 -1.5304 -1.7944 -29.8217 5.0423 -1.7944 -29.8217
-1.7052 -1.9693 -30.2346 5.0423 -1.7944 -29.8217 5.2171 -1.9693 -30.2346
-1.7052 10.2719 -30.2346 -1.5304 -1.7944 -29.8217 -1.7052 -1.9693 -30.2346
-1.7052 10.2719 -30.2346 -1.5304 10.0971 -29.8217 -1.5304 -1.7944 -29.8217
-1.7052 10.2719 -30.2346 5.2171 10.2719 -30.2346 5.0423 10.0971 -29.8217
5.0423 10.0971 -29.8217 -1.5304 10.0971 -29.8217 -1.7052 10.2719 -30.2346
5.6603 -2.4125 -30.2346 5.2171 -1.9693 -30.2346 5.2171 10.2719 -30.2346
5.6603 -2.4125 -30.2346 5.2171 10.2719 -30.2346 5.6603 10.7151 -30.2346
-1.7052 10.2719 -30.2346 -1.7052 -1.9693 -30.2346 -2.1484 -2.4125 -30.2346
-2.1484 -2.4125 -30.2346 -2.1484 10.7151 -30.2346 -1.7052 10.2719 -30.2346
5.6603 10.7151 -30.2346 5.2171 10.2719 -30.2346 -1.7052 10.2719 -30.2346
5.6603 10.7151 -30.2346 -1.7052 10.2719 -30.2346 -2.1484 10.7151 -30.2346
5.9177 -2.6698 -29.978 5.6603 -2.4125 -30.2346 5.6603 10.7151 -30.2346
5.9177 -2.6698 -29.978 5.6603 10.7151 -30.2346 5.9177 10.9724 -29.978
-2.4057 10.9724 -29.978 -2.1484 -2.4125 -30.2346 -2.4057 -2.6698 -29.978
-2.4057 10.9724 -29.978 -2.1484 10.7151 -30.2346 -2.1484 -2.4125 -30.2346
5.9177 10.9724 -29.978 5.6603 10.7151 -30.2346 -2.1484 10.7151 -30.2346
5.9177 10.9724 -29.978 -2.1484 10.7151 -30.2346 -2.4057 10.9724 -29.978
-1.2314 -1.7101 -31.6709 -1.2314 -1.7101 -29.6468 -1.2314 1.609 -29.6468
-1.2314 1.609 -31.6709 -1.2314 -1.7101 -31.6709 -1.2314 1.609 -29.6468
4.639 -1.7101 -31.6709 4.639 -1.7101 -29.6468 -1.2314 -1.7101 -29.6468
-1.2314 -1.7101 -29.6468 -1.2314 -1.7101 -31.6709 4.639 -1.7101 -31.6709
-1.2314 1.609 -29.6468 4.639 1.609 -29.6468 4.639 1.609 -31.6709
4.639 1.609 -31.6709 -1.2314 1.609 -31.6709 -1.2314 1.609 -29.6468
4.639 -1.7101 -29.6468 4.639 -1.7101 -31.6709 4.639 1.609 -31.6709
4.639 1.609 -29.6468 4.639 -1.7101 -29.6468 4.639 1.609 -31.6709
4.639 -1.7101 -31.6709 -1.2314 -1.7101 -31.6709 -1.2314 1.609 -31.6709
4.639 1.609 -31.6709 4.639 -1.7101 -31.6709 -1.2314 1.609 -31.6709
5.0423 -1.7944 -29.8217 -1.5304 -1.7944 -29.8217 -1.5304 10.0971 -29.8217
-1.5304 10.0971 -29.8217 5.0423 10.0971 -29.8217 5.0423 -1.7944 -29.8217
5.6603 -2.4125 -30.2346 5.9177 -2.6698 -29.978 -2.4057 -2.6698 -29.978
-2.4057 -2.6698 -29.978 -2.1484 -2.4125 -30.2346 5.6603 -2.4125 -30.2346
5.2171 -1.9693 -30.2346 5.6603 -2.4125 -30.2346 -2.1484 -2.4125 -30.2346
-2.1484 -2.4125 -30.2346 -1.7052 -1.9693 -30.2346 5.2171 -1.9693 -30.2346
15.5884 15.2193 -29.978 -2.4057 10.9724 -29.978 -14.3186 15.2193 -30.0702
-2.4057 10.9724 -29.978 -2.4057 -2.6698 -29.978 -14.3185 -2.6925 -30.0702
15.5884 -2.6698 -29.978 5.9177 -2.6698 -29.978 5.9177 10.9724 -29.978
-2.4057 -2.6698 -29.978 5.9177 -2.6698 -29.978 8.2317 -17.4509 -29.978
