-5.8946 -17.4509 -29.978 -5.5339 -17.8116 -30.1844 -5.5339 -31.5868 -30.1844
-5.8946 -17.4509 -29.978 -5.5339 -31.5868 -30.1844 -5.8946 -31.9474 -29.978
8.2317 -17.4509 -29.978 7.8711 -17.8116 -30.1844 -5.5339 -17.8116 -30.1844
8.2317 -17.4509 -29.978 -5.5339 -17.8116 -30.1844 -5.8946 -17.4509 -29.978
8.2317 -31.9474 -29.978 7.8711 -31.5868 -30.1844 7.8711 -17.8116 -30.1844
8.2317 -31.9474 -29.978 7.8711 -17.8116 -30.1844 8.2317 -17.4509 -29.978
-5.5339 -31.5868 -30.1844 7.8711 -31.5868 -30.1844 8.2317 -31.9474 -29.978
8.2317 -31.9474 -29.978 -5.8946 -31.9474 -29.978 -5.5339 -31.5868 -30.1844
7.8711 -31.5868 -30.1844 -5.5339 -31.5868 -30.1844 0.636 -30.9784 -30.1844
-4.9255 -30.9784 -30.1844 0.636 -30.9784 -30.1844 -5.5339 -31.5868 -30.1844
-4.9255 -30.9784 -30.1844 -5.5339 -31.5868 -30.1844 -4.9255 -24.8491 -30.1844
-4.9255 -24.8491 -30.1844 -5.5339 -31.5868 -30.1844 -5.5339 -17.8116 -30.1844
-4.9255 -18.42 -30.1844 -5.5339 -17.8116 -30.1844 0.636 -18.42 -30.1844
1.7012 -18.42 -30.1844 0.636 -18.42 -30.1844 -5.5339 -17.8116 -30.1844
-5.5339 -17.8116 -30.1844 7.8711 -17.8116 -30.1844 1.7012 -18.42 -30.1844
7.2626 -18.42 -30.1844 1.7012 -18.42 -30.1844 7.8711 -17.8116 -30.1844
7.2626 -18.42 -30.1844 7.8711 -17.8116 -30.1844 7.2626 -23.6751 -30.1844
7.2626 -24.8491 -30.1844 7.2626 -23.6751 -30.1844 7.8711 -17.8116 -30.1844
7.8711 -17.8116 -30.1844 7.8711 -31.5868 -30.1844 7.2626 -24.8491 -30.1844
7.2626 -30.9784 -30.1844 7.2626 -24.8491 -30.1844 7.8711 -31.5868 -30.1844
7.2626 -30.9784 -30.1844 7.8711 -31.5868 -30.1844 1.7012 -30.9784 -30.1844
0.636 -30.9784 -30.1844 1.7012 -30.9784 -30.1844 7.8711 -31.5868 -30.1844
0.636 -23.6751 -30.1844 0.636 -18.42 -30.1844 1.7012 -18.42 -30.1844
1.7012 -18.42 -30.1844 1.7012 -23.6751 -30.1844 0.636 -23.6751 -30.1844
1.7012 -23.6751 -30.1844 7.2626 -23.6751 -30.1844 7.2626 -24.8491 -30.1844
7.2626 -24.8491 -30.1844 1.7012 -24.8491 -30.1844 1.7012 -23.6751 -30.1844
1.7012 -23.6751 -30.1844 1.7012 -24.8491 -30.1844 0.636 -24.8491 -30.1844
0.636 -24.8491 -30.1844 0.636 -23.6751 -30.1844 1.7012 -23.6751 -30.1844
0.636 -23.6751 -30.1844 0.636 -24.8491 -30.1844 -4.9255 -24.8491 -30.1844
-4.9255 -24.8491 -30.1844 -4.9255 -23.6751 -30.1844 0.636 -23.6751 -30.1844
-5.5339 -17.8116 -30.1844 -4.9255 -23.6751 -30.1844 -4.9255 -24.8491 -30.1844
-4.9255 -18.42 -30.1844 -4.9255 -23.6751 -30.1844 -5.5339 -17.8116 -30.1844
1.7012 -30.9784 -30.1844 0.636 -30.9784 -30.1844 1.7012 -24.8491 -30.1844
0.636 -24.8491 -30.1844 1.7012 -24.8491 -30.1844 0.636 -30.9784 -30.1844
7.2626 -30.9784 -30.1844 7.1357 -30.8385 -29.9296 7.1357 -24.989 -29.9296
7.1357 -24.989 -29.9296 7.2626 -24.8491 -30.1844 7.2626 -30.9784 -30.1844
7.2626 -18.42 -30.1844 7.1357 -18.5599 -29.9296 1.8282 -18.5599 -29.9296
1.8282 -18.5599 -29.9296 1.7012 -18.42 -30.1844 7.2626 -18.42 -30.1844
-4.7985 -23.5352 -29.9296 -4.9255 -23.6751 -30.1844 -4.9255 -18.42 -30.1844
-4.9255 -18.42 -30.1844 -4.7985 -18.5599 -29.9295 -4.7985 -23.5352 -29.9296
-4.9255 -30.9784 -30.1844 -4.7985 -30.8385 -29.9296 0.509 -30.8385 -29.9296
0.509 -30.8385 -29.9296 0.636 -30.9784 -30.1844 -4.9255 -30.9784 -30.1844
0.636 -18.42 -30.1844 0.509 -18.5599 -29.9296 -4.9255 -18.42 -30.1844
-4.7985 -18.5599 -29.9295 -4.9255 -18.42 -30.1844 0.509 -18.5599 -29.9296
1.7012 -30.9784 -30.1844 1.8282 -30.8385 -29.9296 7.2626 -30.9784 -30.1844
7.1357 -30.8385 -29.9296 7.2626 -30.9784 -30.1844 1.8282 -30.8385 -29.9296
7.2626 -23.6751 -30.1844 7.1357 -23.5352 -29.9296 7.1357 -18.5599 -29.9296
7.1357 -18.5599 -29.9296 7.2626 -18.42 -30.1844 7.2626 -23.6751 -30.1844
-4.9255 -30.9784 -30.1844 -4.9255 -24.8491 -30.1844 -4.7985 -24.989 -29.9296
-4.7985 -24.989 -29.9296 -4.7985 -30.8385 -29.9296 -4.9255 -30.9784 -30.1844
0.636 -30.9784 -30.1844 0.509 -30.8385 -29.9296 0.509 -24.989 -29.9296
0.509 -24.989 -29.9296 0.636 -24.8491 -30.1844 0.636 -30.9784 -30.1844
1.8282 -23.5352 -29.9296 1.7012 -23.6751 -30.1844 1.7012 -18.42 -30.1844
1.7012 -18.42 -30.1844 1.8282 -18.5599 -29.9296 1.8282 -23.5352 -29.9296
0.636 -23.6751 -30.1844 0.509 -23.5352 -29.9296 0.636 -18.42 -30.1844
0.509 -18.5599 -29.9296 0.636 -18.42 -30.1844 0.509 -23.5352 -29.9296
1.8282 -30.8385 -29.9296 1.7012 -30.9784 -30.1844 1.7012 -24.8491 -30.1844
1.7012 -24.8491 -30.1844 1.8282 -24.989 -29.9296 1.8282 -30.8385 -29.9296
1.7012 -23.6751 -30.1844 1.8282 -23.5352 -29.9296 7.2626 -23.6751 -30.1844
7.1357 -23.5352 -29.9296 7.2626 -23.6751 -30.1844 1.8282 -23.5352 -29.9296
7.2626 -24.8491 -30.1844 7.1357 -24.989 -29.9296 1.8282 -24.989 -29.9296
1.8282 -24.989 -29.9296 1.7012 -24.8491 -30.1844 7.2626 -24.8491 -30.1844
-4.9255 -23.6751 -30.1844 -4.7985 -23.5352 -29.9296 0.636 -23.6751 -30.1844
0.509 -23.5352 -29.9296 0.636 -23.6751 -30.1844 -4.7985 -23.5352 -29.9296
0.636 -24.8491 -30.1844 0.509 -24.989 -29.9296 -4.9255 -24.8491 -30.1844
-4.7985 -24.989 -29.9296 -4.9255 -24.8491 -30.1844 0.509 -24.989 -29.9296
-4.7985 -23.5352 -29.9296 -4.7985 -18.5599 -29.9295 0.509 -18.5599 -29.9296
0.509 -18.5599 -29.9296 0.509 -23.5352 -29.9296 -4.7985 -23.5352 -29.9296
7.1357 -23.5352 -29.9296 1.8282 -23.5352 -29.9296 1.8282 -18.5599 -29.9296
7.1357 -18.5599 -29.9296 7.1357 -23.5352 -29.9296 1.8282 -18.5599 -29.9296
7.1357 -30.8385 -29.9296 1.8282 -30.8385 -29.9296 1.8282 -24.989 -29.9296
7.1357 -24.989 -29.9296 7.1357 -30.8385 -29.9296 1.8282 -24.989 -29.9296
0.509 -30.8385 -29.9296 -4.7985 -30.8385 -29.9296 -4.7985 -24.989 -29.9296
0.509 -24.989 -29.9296 0.509 -30.8385 -29.9296 -4.7985 -24.989 -29.9296
8.2317 -31.9474 -29.978 15.5874 -38.0011 -29.978 -5.8946 -31.9474 -29.978
-14.3184 -37.989 -30.0701 -5.8946 -31.9474 -29.978 15.5874 -38.0011 -29.978
-5.8946 -17.4509 -29.978 -5.8946 -31.9474 -29.978 -14.3185 -17.4509 -30.0702
-5.8946 -17.4509 -29.978 -2.4057 -2.6698 -29.978 8.2317 -17.4509 -29.978
15.5884 -37.2487 -29.978 8.2317 -31.9474 -29.978 15.5884 -17.441 -29.978
