53.3417 -48.6898 39.0874 54.4153 -48.6898 38.731 54.4153 -38.497 38.731
53.3417 -48.6898 39.0874 54.4153 -38.497 38.731 53.3417 -38.497 39.0874
53.3417 -48.6898 39.0874 53.3417 -38.497 39.0874 -12.1971 -38.497 38.9993
54.7734 -38.497 37.6579 54.4153 -38.497 38.731 54.4153 -48.6898 38.731
54.4153 -48.6898 38.731 54.7734 -48.6898 37.6579 54.7734 -38.497 37.6579
32.9224 -17.4509 39.7525 32.9225 -31.9474 39.7526 33.2831 -31.5868 39.959
33.2831 -31.5868 39.959 32.9225 -31.9474 39.7526 47.0487 -31.9474 39.7526
47.0487 -31.9474 39.7526 46.6881 -31.5868 39.959 33.2831 -31.5868 39.959
33.2831 -31.5868 39.959 46.6881 -31.5868 39.959 40.5182 -30.9784 39.959
46.0796 -30.9784 39.959 40.5182 -30.9784 39.959 46.6881 -31.5868 39.959
46.0796 -30.9784 39.959 46.6881 -31.5868 39.959 46.0796 -24.8491 39.959
40.5182 -24.8491 39.959 39.4529 -24.8491 39.959 40.5182 -30.9784 39.959
39.4529 -30.9784 39.959 40.5182 -30.9784 39.959 39.4529 -24.8491 39.959
40.5182 -30.9784 39.959 39.4529 -30.9784 39.959 33.2831 -31.5868 39.959
33.8915 -30.9784 39.959 33.2831 -31.5868 39.959 39.4529 -30.9784 39.959
33.8915 -30.9784 39.959 33.8915 -24.8491 39.959 33.2831 -31.5868 39.959
33.8915 -30.9784 39.959 34.0185 -30.8385 39.7041 34.0185 -24.989 39.7041
34.0185 -24.989 39.7041 33.8915 -24.8491 39.959 33.8915 -30.9784 39.959
40.5182 -30.9784 39.959 46.0796 -30.9784 39.959 45.9527 -30.8385 39.7041
45.9527 -30.8385 39.7041 40.6452 -30.8385 39.7041 40.5182 -30.9784 39.959
33.8915 -30.9784 39.959 39.4529 -30.9784 39.959 39.326 -30.8385 39.7041
39.326 -30.8385 39.7041 34.0185 -30.8385 39.7041 33.8915 -30.9784 39.959
45.9527 -24.989 39.7041 45.9527 -30.8385 39.7041 46.0796 -30.9784 39.959
40.5182 -30.9784 39.959 40.6452 -30.8385 39.7041 40.5182 -24.8491 39.959
40.6452 -24.989 39.7041 40.5182 -24.8491 39.959 40.6452 -30.8385 39.7041
39.326 -30.8385 39.7041 39.4529 -30.9784 39.959 39.4529 -24.8491 39.959
39.4529 -24.8491 39.959 39.326 -24.989 39.7041 39.326 -30.8385 39.7041
34.0185 -30.8385 39.7041 39.326 -30.8385 39.7041 39.326 -24.989 39.7041
34.0185 -24.989 39.7041 34.0185 -30.8385 39.7041 39.326 -24.989 39.7041
40.6452 -30.8385 39.7041 45.9527 -30.8385 39.7041 45.9527 -24.989 39.7041
40.6452 -24.989 39.7041 40.6452 -30.8385 39.7041 45.9527 -24.989 39.7041
47.0487 -31.9474 39.7526 55.4349 -38.0011 39.7525 55.4349 -17.4509 39.7525
55.4349 -38.0011 39.7525 47.0487 -31.9474 39.7526 25.5667 -38.0011 39.7525
32.9225 -31.9474 39.7526 25.5667 -38.0011 39.7525 47.0487 -31.9474 39.7526
25.5667 -38.0011 39.7525 32.9225 -31.9474 39.7526 25.5657 -17.441 39.7525
13.9306 -38.0011 39.7525 25.5667 -38.0011 39.7525 25.5657 -17.441 39.7525
54.7732 -38.497 39.0894 55.4349 -38.0011 39.7525 25.5667 -38.0011 39.7525
25.5667 -38.0011 39.7525 25.472 -38.497 39.0894 54.7732 -38.497 39.0894
14.0568 -38.497 39.0894 25.472 -38.497 39.0894 25.5667 -38.0011 39.7525
25.5667 -38.0011 39.7525 13.9306 -38.0011 39.7525 14.0568 -38.497 39.0894
