-10.9561 26.7665 16.6534 -16.8391 26.7665 16.6534 -16.8391 20.9856 16.6534
-12.8021 27.7001 17.7417 -15.8854 27.7249 18.0108 -9.046 34.8666 6.6159
-19.9683 16.3251 16.1524 -21.074 16.5684 16.921 -21.074 16.5684 -6.3158
-17.2133 27.6645 18.3423 -16.8345 27.6645 18.155 -12.8021 27.6645 18.2213
-16.8345 27.6645 18.155 -12.8021 27.6645 17.9371 -12.8021 27.6645 18.2213
-9.046 34.8666 6.6159 -15.8854 27.7249 18.0108 -16.5574 27.7281 17.284
-16.5574 27.7281 17.284 -15.8854 27.7249 18.0108 -16.4558 27.6645 17.9677
-17.1292 27.6645 17.2447 -16.5574 27.7281 17.284 -16.4558 27.6645 17.9677
-17.1292 26.419 17.2447 -16.4558 26.419 17.9677 -16.8345 26.419 18.155
-16.8345 26.419 18.155 -17.506 26.419 17.4265 -17.1292 26.419 17.2447
-14.3024 15.2193 14.9424 -19.9683 15.2352 16.1525 -19.9683 15.2352 -5.6104
-17.5714 26.419 -8.3747 -17.1292 26.419 17.2447 -17.506 26.419 17.4265
-16.8345 26.419 18.155 -16.4558 26.419 17.9677 -12.8021 26.419 17.9371
-12.8021 26.419 17.653 -12.8021 26.419 17.9371 -16.4558 26.419 17.9677
-17.506 26.419 17.4265 -16.8345 26.419 18.155 -16.8345 27.6645 18.155
-17.506 26.419 17.4265 -16.8345 27.6645 18.155 -17.506 27.6645 17.4265
-10.8874 28.0259 18.2213 -9.1654 27.6645 18.2213 -9.1654 28.0259 18.2213
-9.1654 27.6645 18.2213 -10.8874 28.0259 18.2213 -10.8874 27.6645 18.2213
-12.8021 28.0259 18.2213 -10.8874 27.6645 18.2213 -10.8874 28.0259 18.2213
-10.8874 27.6645 18.2213 -12.8021 28.0259 18.2213 -12.8021 27.6645 18.2213
-12.8021 26.419 17.9371 -10.8874 26.419 17.9371 -12.8021 27.6645 17.9371
-12.8021 27.6645 17.9371 -10.8874 26.419 17.9371 -10.8874 27.6645 17.9371
-19.9683 15.2352 -5.6104 -19.9683 15.2352 16.1525 -19.9683 16.3251 16.1524
-21.074 16.5684 16.921 -21.074 17.3776 16.921 -21.074 17.3776 -6.3158
-16.4794 22.4397 8.0286 -16.4794 25.3125 8.0286 -16.4794 25.3125 2.4063
-16.4794 22.4397 10.0302 -16.4794 22.4397 15.6526 -16.4794 25.3125 15.6526
-16.4794 25.3125 10.0302 -16.4794 22.4397 10.0302 -16.4794 25.3125 15.6526
-16.8391 20.9856 16.6534 -16.8391 22.4063 15.7464 -16.839 22.4063 9.9364
-16.839 25.3458 15.7464 -16.8391 22.4063 15.7464 -16.8391 20.9856 16.6534
-16.8391 26.7665 16.6534 -16.839 25.3458 15.7464 -16.8391 20.9856 16.6534
-16.839 25.3458 9.9364 -16.839 25.3458 15.7464 -16.8391 26.7665 16.6534
-16.8391 26.7665 16.6534 -16.839 26.7665 9.0294 -16.839 25.3458 9.9364
-16.839 25.3458 9.9364 -16.839 26.7665 9.0294 -16.8391 20.9856 9.0294
-16.8391 20.9856 9.0294 -16.839 22.4063 9.9364 -16.839 25.3458 9.9364
-16.839 22.4063 9.9364 -16.8391 20.9856 9.0294 -16.8391 20.9856 16.6534
-16.839 25.3458 2.3125 -16.8391 25.3458 8.1224 -16.839 26.7665 9.0294
-16.839 26.7665 9.0294 -16.8391 25.3458 8.1224 -16.8391 20.9856 9.0294
-16.8391 25.3458 8.1224 -16.8391 22.4063 8.1224 -16.8391 20.9856 9.0294
-16.8391 20.9856 9.0294 -16.8391 22.4063 8.1224 -16.839 20.9856 1.4055
-16.8391 22.4063 8.1224 -16.4794 22.4397 8.0286 -16.4794 22.4397 2.4063
-16.4794 22.4397 8.0286 -16.8391 22.4063 8.1224 -16.8391 25.3458 8.1224
-16.8391 25.3458 8.1224 -16.4794 25.3125 8.0286 -16.4794 22.4397 8.0286
-16.4794 25.3125 2.4063 -16.4794 25.3125 8.0286 -16.8391 25.3458 8.1224
-16.4794 22.4397 15.6526 -16.4794 22.4397 10.0302 -16.839 22.4063 9.9364
-16.8391 22.4063 15.7464 -16.4794 22.4397 15.6526 -16.839 22.4063 9.9364
-16.4794 22.4397 15.6526 -16.8391 22.4063 15.7464 -16.839 25.3458 15.7464
-16.839 25.3458 15.7464 -16.4794 25.3125 15.6526 -16.4794 22.4397 15.6526
-16.4794 25.3125 15.6526 -16.839 25.3458 15.7464 -16.839 25.3458 9.9364
-16.839 25.3458 9.9364 -16.4794 25.3125 10.0302 -16.4794 25.3125 15.6526
-16.839 22.4063 9.9364 -16.4794 22.4397 10.0302 -16.839 25.3458 9.9364
-16.4794 25.3125 10.0302 -16.839 25.3458 9.9364 -16.4794 22.4397 10.0302
-17.8828 27.6645 17.6084 -17.8828 28.0259 17.6084 -17.9503 28.0259 -8.5549
-17.2133 27.6645 18.3423 -12.8021 27.6645 18.2213 -12.8021 28.0259 18.2213
-17.2133 28.0259 18.3423 -17.2133 27.6645 18.3423 -12.8021 28.0259 18.2213
-16.6212 27.728 -8.2334 -16.5574 27.7281 17.284 -17.1292 27.6645 17.2447
-17.506 27.6645 17.4265 -17.8828 27.6645 17.6084 -17.9503 27.6645 -8.5549
-17.8828 27.6645 17.6084 -17.2133 27.6645 18.3423 -17.2133 28.0259 18.3423
-17.8828 28.0259 17.6084 -17.8828 27.6645 17.6084 -17.2133 28.0259 18.3423
-17.506 27.6645 17.4265 -16.8345 27.6645 18.155 -17.2133 27.6645 18.3423
-17.2133 27.6645 18.3423 -17.8828 27.6645 17.6084 -17.506 27.6645 17.4265
-17.1924 27.6645 -8.1946 -17.1292 27.6645 17.2447 -17.1292 26.419 17.2447
-17.1292 26.419 17.2447 -17.1292 27.6645 17.2447 -16.4558 27.6645 17.9677
-16.4558 27.6645 17.9677 -16.4558 26.419 17.9677 -17.1292 26.419 17.2447
-16.4558 27.6645 17.9677 -12.8021 27.6645 17.653 -12.8021 26.419 17.653
-12.8021 26.419 17.653 -16.4558 26.419 17.9677 -16.4558 27.6645 17.9677
-12.8021 26.419 17.9371 -12.8021 27.6645 17.9371 -16.8345 27.6645 18.155
-16.8345 27.6645 18.155 -16.8345 26.419 18.155 -12.8021 26.419 17.9371
-17.5714 26.419 -8.3747 -17.506 26.419 17.4265 -17.506 27.6645 17.4265
-10.8874 27.7001 17.7417 -12.8021 27.7001 17.7417 -9.046 34.8666 6.6159
-10.8874 27.6645 18.2213 -12.8021 27.6645 18.2213 -12.8021 27.6645 17.9371
-12.8021 27.6645 17.9371 -10.8874 27.6645 17.9371 -10.8874 27.6645 18.2213
-9.1654 27.6645 17.9371 -10.8874 27.6645 18.2213 -10.8874 27.6645 17.9371
-9.1654 27.6645 17.9371 -9.1654 27.6645 18.2213 -10.8874 27.6645 18.2213
-10.8874 26.419 17.9371 -12.8021 26.419 17.9371 -12.8021 26.419 17.653
-12.8021 26.419 17.653 -10.8874 26.419 17.653 -10.8874 26.419 17.9371
-12.8021 26.419 17.653 -12.8021 27.6645 17.653 -10.8874 27.6645 17.653
-10.8874 27.6645 17.653 -10.8874 26.419 17.653 -12.8021 26.419 17.653
-9.046 35.3893 6.646 -12.8021 28.0259 18.2213 -10.8874 28.0259 18.2213
-21.0787 17.3776 44.4015 5.2525 41.4407 5.2465 -21.074 17.3776 16.921
-21.074 17.3776 16.921 5.2525 41.4407 5.2465 -21.074 17.3776 -6.3158
-9.046 35.3893 6.646 -17.8828 28.0259 17.6084 -17.2133 28.0259 18.3423
-12.8021 28.0259 18.2213 -9.046 35.3893 6.646 -17.2133 28.0259 18.3423
