-46.1848 -37.9785 15.5537 -45.9952 -37.8878 15.5537 -45.9952 -37.8878 1.0024
-45.9952 -37.8878 1.0024 -46.1848 -37.9785 1.0024 -46.1848 -37.9785 15.5537
-51.745 -41.7785 7.1881 -51.4499 -41.8085 7.3708 -51.4499 -41.8085 23.3855
-51.745 -41.7785 7.1881 -51.7451 -41.5277 7.1881 -48.2766 -41.5277 7.1125
-48.2766 -41.5277 7.1125 -48.2701 -41.7798 7.1125 -51.745 -41.7785 7.1881
-45.0707 -39.9499 7.1125 -48.5385 -39.9529 7.1882 -48.5384 -39.7021 7.1881
-48.5384 -39.7021 7.1881 -45.0707 -39.7021 7.1125 -45.0707 -39.9499 7.1125
-48.2701 -41.7798 7.1125 -51.4499 -41.8085 7.3708 -51.745 -41.7785 7.1881
-48.2701 -41.7798 7.1125 -48.2352 -41.8098 7.3708 -51.4499 -41.8085 7.3708
-48.2701 -41.7798 7.1125 -48.2766 -41.5277 7.1125 -48.2432 -41.4977 7.3708
-48.2432 -41.4977 7.3708 -48.2352 -41.8098 7.3708 -48.2701 -41.7798 7.1125
-51.4499 -41.4977 7.3708 -48.2432 -41.4977 7.3708 -48.2766 -41.5277 7.1125
-48.2766 -41.5277 7.1125 -51.7451 -41.5277 7.1881 -51.4499 -41.4977 7.3708
-51.48 -43.6123 7.1125 -51.4836 -43.3533 7.1125 -51.4499 -43.3234 7.3708
-51.4499 -43.3234 7.3708 -51.4455 -43.6423 7.3708 -51.48 -43.6123 7.1125
-45.0707 -39.9499 7.1125 -48.2432 -39.9828 7.3708 -48.5385 -39.9529 7.1882
-45.0707 -39.9499 7.1125 -45.0366 -39.9799 7.3708 -48.2432 -39.9828 7.3708
-45.0366 -39.6721 7.3708 -45.0366 -39.9799 7.3708 -45.0707 -39.7021 7.1125
-45.0366 -39.9799 7.3708 -45.0707 -39.9499 7.1125 -45.0707 -39.7021 7.1125
-48.2432 -39.6721 7.3708 -45.0366 -39.6721 7.3708 -45.0707 -39.7021 7.1125
-45.0707 -39.7021 7.1125 -48.5384 -39.7021 7.1881 -48.2432 -39.6721 7.3708
-48.5385 -39.9529 7.1882 -48.2432 -39.9828 7.3708 -48.2432 -39.9828 23.3855
-47.1271 -39.8389 7.4054 -47.1271 -39.8389 7.9928 -47.1271 -31.1506 7.9928
-46.5854 -39.8389 7.9928 -46.5854 -39.8389 7.4054 -46.5854 -30.8984 7.4054
-46.5854 -39.8389 7.4054 -47.1271 -39.8389 7.4054 -47.1271 -31.1506 7.4054
-45.9952 -48.5669 1.0024 -45.9952 -48.5669 15.5537 -45.9952 -47.8651 15.5537
-45.9952 -47.8651 1.0024 -45.9952 -48.5669 1.0024 -45.9952 -47.8651 15.5537
-45.9952 -39.6144 15.5537 -45.9952 -38.3202 1.0024 -45.9952 -39.6144 1.0024
-45.9952 -38.3202 1.0024 -45.9952 -39.6144 15.5537 -45.9952 -38.3202 15.5537
-45.9952 -37.8878 15.5537 -43.9335 -37.8878 1.0024 -45.9952 -37.8878 1.0024
-43.9335 -37.8878 1.0024 -45.9952 -37.8878 15.5537 -43.9335 -37.8878 15.5537
-45.9952 -47.8651 15.5537 -45.4829 -47.5935 15.5537 -45.4829 -47.5935 1.4017
-45.4829 -47.5935 1.4017 -45.9952 -47.8651 1.0024 -45.9952 -47.8651 15.5537
-45.9952 -38.3202 1.0024 -45.9952 -38.3202 15.5537 -46.1848 -38.2295 15.5537
-46.1848 -38.2295 1.0024 -45.9952 -38.3202 1.0024 -46.1848 -38.2295 15.5537
-45.4829 -47.5935 1.4017 -45.4829 -47.5935 15.5537 -45.4829 -39.886 15.5537
-45.4829 -39.886 15.5537 -45.4829 -39.886 1.4017 -45.4829 -47.5935 1.4017
-45.4829 -39.886 1.4017 -45.4829 -39.886 15.5537 -45.9952 -39.6144 15.5537
-45.9952 -39.6144 15.5537 -45.9952 -39.6144 1.0024 -45.4829 -39.886 1.4017
-46.1848 -38.2295 15.5537 -46.1848 -37.9785 15.5537 -46.1848 -37.9785 1.0024
-46.1848 -37.9785 1.0024 -46.1848 -38.2295 1.0024 -46.1848 -38.2295 15.5537
-48.2432 -39.6721 7.3708 -48.5384 -39.7021 7.1881 -48.2432 -39.6721 23.3855
-45.0366 -39.6721 7.3708 -48.2432 -39.6721 7.3708 -48.2432 -39.6721 23.3855
-51.4499 -41.8085 7.3708 -51.4499 -43.3234 7.3708 -51.4499 -43.3234 23.3855
-51.4499 -41.8085 7.3708 -48.2352 -41.8098 7.3708 -51.4499 -43.3234 7.3708
-51.4499 -43.3234 7.3708 -48.2352 -41.8098 7.3708 -51.4455 -43.6423 7.3708
-51.4455 -43.6423 7.3708 -48.2352 -41.8098 7.3708 -45.0366 -48.8002 7.3708
-48.2352 -41.8098 7.3708 -45.0366 -39.9799 7.3708 -45.0366 -48.8002 7.3708
-45.0366 -39.9799 7.3708 -48.2352 -41.8098 7.3708 -48.2432 -41.4977 7.3708
-48.2432 -39.9828 7.3708 -45.0366 -39.9799 7.3708 -48.2432 -41.4977 7.3708
-54.6565 -45.4573 7.3708 -51.4455 -43.6423 7.3708 -45.0366 -48.8002 7.3708
-51.4499 -41.4977 23.3855 -51.4499 -41.4977 7.3708 -51.7451 -41.5277 7.1881
-48.2432 -41.4977 7.3708 -51.4499 -41.4977 7.3708 -51.4499 -41.4977 23.3855
-48.5384 -39.7021 23.5682 -48.5384 -39.7021 7.1881 -48.5385 -39.9529 7.1882
-51.7451 -41.5277 23.5682 -51.7451 -41.5277 7.1881 -51.745 -41.7785 7.1881
-48.2432 -39.9828 7.3708 -48.2432 -41.4977 7.3708 -48.2432 -41.4977 23.3855
-47.1271 -31.1506 7.9928 -47.1271 -39.8389 7.9928 -46.5854 -39.8389 7.9928
