26.1069 -18.539 -29.9965 26.3026 -18.3426 -30.205 26.3025 -36.3209 -30.205
27.0142 -37.0325 -30.205 27.0142 -17.6284 -30.205 27.2304 -17.4312 -29.978
27.2304 -17.4312 -29.978 27.0142 -17.6284 -30.205 15.8046 -17.6565 -30.2051
32.0279 -15.3458 -36.0987 31.9024 -15.3693 -29.8647 24.7436 -10.3367 -29.8647
12.3778 -15.3428 -37.5484 30.976 -15.3429 -37.6122 23.0715 -10.0246 -29.8647
32.3399 -15.4064 -29.8647 32.0812 -15.4064 -29.8647 32.1583 -15.4064 -37.0494
32.1583 -15.4064 -37.0494 32.3275 -15.4064 -37.4303 32.3399 -15.4064 -29.8647
30.976 -15.3429 -37.6122 24.7436 -10.3367 -29.8647 23.0715 -10.0246 -29.8647
24.7436 -10.3367 -29.8647 30.976 -15.3429 -37.6122 32.0279 -15.3458 -36.0987
30.976 -15.3429 -37.6122 30.9406 -15.4064 -38.1833 31.9892 -15.4064 -36.6684
16.712 -18.5606 -29.9965 26.1069 -18.539 -29.9965 26.1069 -36.1252 -29.9965
27.0142 -37.0325 -30.205 26.3026 -18.3426 -30.205 27.0142 -17.6284 -30.205
15.8046 -17.6565 -30.2051 27.0142 -17.6284 -30.205 26.3026 -18.3426 -30.205
16.5163 -18.3656 -30.2051 26.3026 -18.3426 -30.205 26.1069 -18.539 -29.9965
31.9892 -15.4064 -36.6684 32.0279 -15.3458 -36.0987 30.976 -15.3429 -37.6122
32.0812 -16.6519 -29.8647 31.8225 -16.6519 -29.8647 31.9892 -16.6519 -36.6684
32.0812 -16.6519 -29.8647 31.9892 -16.6519 -36.6684 32.1583 -16.6519 -37.0494
31.1051 -15.4064 -38.5623 31.2696 -15.4064 -38.9413 32.3275 -15.4064 -37.4303
31.1051 -15.4064 -38.5623 32.3275 -15.4064 -37.4303 32.1583 -15.4064 -37.0494
32.1583 -16.6519 -37.0494 31.1051 -16.6519 -38.5623 31.1051 -15.4064 -38.5623
32.1583 -16.6519 -37.0494 31.1051 -15.4064 -38.5623 32.1583 -15.4064 -37.0494
12.4138 -15.4064 -38.1201 30.9406 -15.4064 -38.1833 30.976 -15.3429 -37.6122
31.2696 -15.4064 -38.9413 31.1051 -15.4064 -38.5623 12.0816 -15.4064 -38.8738
30.9406 -16.6519 -38.1833 31.1051 -16.6519 -38.5623 32.1583 -16.6519 -37.0494
32.1583 -16.6519 -37.0494 31.9892 -16.6519 -36.6684 30.9406 -16.6519 -38.1833
12.2477 -16.6519 -38.4969 31.1051 -16.6519 -38.5623 30.9406 -16.6519 -38.1833
31.8225 -16.6519 -29.8647 31.8225 -15.4064 -29.8647 31.9892 -15.4064 -36.6684
31.9892 -15.4064 -36.6684 31.9892 -16.6519 -36.6684 31.8225 -16.6519 -29.8647
31.9892 -16.6519 -36.6684 31.9892 -15.4064 -36.6684 30.9406 -15.4064 -38.1833
30.9406 -15.4064 -38.1833 30.9406 -16.6519 -38.1833 31.9892 -16.6519 -36.6684
12.4138 -16.6519 -38.1201 30.9406 -16.6519 -38.1833 30.9406 -15.4064 -38.1833
12.2477 -15.4064 -38.4969 31.1051 -15.4064 -38.5623 31.1051 -16.6519 -38.5623
32.0812 -16.6519 -29.8647 32.1583 -16.6519 -37.0494 32.1583 -15.4064 -37.0494
32.0812 -15.4064 -29.8647 32.0812 -16.6519 -29.8647 32.1583 -15.4064 -37.0494
27.2304 -2.6759 -29.978 27.2304 -17.4312 -29.978 15.5884 -2.6698 -29.978
39.1896 -17.4015 -29.978 27.2304 -37.2487 -29.978 27.2304 -17.4312 -29.978
39.0951 -2.6698 -29.978 39.1896 -17.4015 -29.978 27.2304 -17.4312 -29.978
27.2304 -17.4312 -29.978 27.2304 -2.6759 -29.978 39.0951 -2.6698 -29.978
32.3275 -15.045 -37.4303 32.3399 -15.045 -29.8647 32.3399 -15.4064 -29.8647
12.0816 -15.045 -38.8737 31.2696 -15.045 -38.9413 31.2696 -15.4064 -38.9413
32.3399 -15.4064 -29.8647 32.3275 -15.4064 -37.4303 32.3275 -15.045 -37.4303
23.0993 -9.4997 -29.8647 31.2696 -15.045 -38.9413 12.0816 -15.045 -38.8737
24.7709 -9.8138 -29.8647 32.3399 -15.045 -29.8647 32.3275 -15.045 -37.4303
24.7709 -9.8138 -29.8647 32.3275 -15.045 -37.4303 31.2696 -15.045 -38.9413
31.2696 -15.045 -38.9413 23.0993 -9.4997 -29.8647 24.7709 -9.8138 -29.8647
32.3275 -15.045 -37.4303 32.3275 -15.4064 -37.4303 31.2696 -15.045 -38.9413
32.3275 -15.4064 -37.4303 31.2696 -15.4064 -38.9413 31.2696 -15.045 -38.9413
