26.3025 -36.3209 -30.205 26.1069 -36.1252 -29.9965 26.1069 -18.539 -29.9965
16.5163 -36.3209 -30.2051 16.712 -36.1252 -29.9965 26.1069 -36.1252 -29.9965
16.5163 -36.3209 -30.2051 26.1069 -36.1252 -29.9965 26.3025 -36.3209 -30.205
27.2304 -17.4312 -29.978 27.2304 -37.2487 -29.978 27.0142 -37.0325 -30.205
10.9887 -38.0639 -32.6828 31.0563 -38.0639 -29.29 31.0563 -38.0639 -32.6828
31.2853 -40.2926 -36.3878 31.0563 -40.3243 -36.0756 10.9887 -40.3243 -36.0756
31.2853 -40.2926 -36.3878 31.2852 -40.0273 -36.3879 31.38 -40.0273 -32.7181
31.38 -40.0273 -32.7181 31.38 -40.294 -32.7113 31.2853 -40.2926 -36.3878
31.38 -38.358 -29.3261 31.2851 -38.361 -32.9953 31.2852 -38.0956 -32.9951
31.2852 -38.0956 -32.9951 31.38 -38.0956 -29.3261 31.38 -38.358 -29.3261
31.38 -40.294 -32.7113 31.0563 -40.3243 -36.0756 31.2853 -40.2926 -36.3878
31.0563 -40.3243 -36.0756 31.38 -40.294 -32.7113 31.0563 -40.3257 -32.6744
31.38 -40.294 -32.7113 31.38 -40.0273 -32.7181 31.0563 -39.9956 -32.6828
31.0563 -39.9956 -32.6828 31.0563 -40.3257 -32.6744 31.38 -40.294 -32.7113
31.0563 -39.9956 -36.0756 31.0563 -39.9956 -32.6828 31.38 -40.0273 -32.7181
31.38 -40.0273 -32.7181 31.2852 -40.0273 -36.3879 31.0563 -39.9956 -36.0756
31.38 -42.2329 -36.1075 31.38 -41.9589 -36.1113 31.0563 -41.9272 -36.0756
31.0563 -41.9272 -36.0756 31.0563 -42.2647 -36.071 31.38 -42.2329 -36.1075
31.38 -38.358 -29.3261 31.0563 -38.3927 -32.6828 31.2851 -38.361 -32.9953
31.0563 -38.3927 -32.6828 31.38 -38.358 -29.3261 31.0563 -38.3896 -29.29
31.0563 -38.0639 -29.29 31.0563 -38.3896 -29.29 31.38 -38.0956 -29.3261
31.0563 -38.3896 -29.29 31.38 -38.358 -29.3261 31.38 -38.0956 -29.3261
31.0563 -38.0639 -32.6828 31.0563 -38.0639 -29.29 31.38 -38.0956 -29.3261
31.38 -38.0956 -29.3261 31.2852 -38.0956 -32.9951 31.0563 -38.0639 -32.6828
10.9887 -39.9956 -36.0756 31.0563 -39.9956 -32.6828 31.0563 -39.9956 -36.0756
31.2851 -38.361 -32.9953 31.0563 -38.3927 -32.6828 10.9887 -38.3927 -32.6828
53.3513 -38.497 -29.3178 53.3513 -48.6898 -29.3178 -12.1876 -38.497 -29.406
26.1069 -36.1252 -29.9965 16.712 -36.1252 -29.9965 16.712 -18.5606 -29.9965
27.2304 -37.2487 -29.978 15.5884 -37.2487 -29.978 15.8046 -37.0325 -30.2051
15.8046 -37.0325 -30.2051 27.0142 -37.0325 -30.205 27.2304 -37.2487 -29.978
27.0142 -37.0325 -30.205 26.3025 -36.3209 -30.205 26.3026 -18.3426 -30.205
26.3025 -36.3209 -30.205 27.0142 -37.0325 -30.205 15.8046 -37.0325 -30.2051
15.8046 -37.0325 -30.2051 16.5163 -36.3209 -30.2051 26.3025 -36.3209 -30.205
31.0563 -38.0639 -32.6828 31.2852 -38.0956 -32.9951 10.7598 -38.0956 -32.9951
31.0563 -40.3243 -36.0756 31.0563 -41.9272 -36.0756 10.9887 -41.9272 -36.0756
31.0563 -40.3243 -36.0756 31.0563 -40.3257 -32.6744 31.0563 -41.9272 -36.0756
31.0563 -41.9272 -36.0756 31.0563 -40.3257 -32.6744 31.0563 -42.2647 -36.071
31.0563 -42.2647 -36.071 31.0563 -40.3257 -32.6744 31.0563 -47.722 -29.29
31.0563 -40.3257 -32.6744 31.0563 -38.3896 -29.29 31.0563 -47.722 -29.29
31.0563 -38.3896 -29.29 31.0563 -40.3257 -32.6744 31.0563 -39.9956 -32.6828
31.0563 -38.3927 -32.6828 31.0563 -38.3896 -29.29 31.0563 -39.9956 -32.6828
31.0563 -44.185 -39.4683 31.0563 -42.2647 -36.071 31.0563 -47.722 -29.29
10.9887 -39.9956 -36.0756 31.0563 -39.9956 -36.0756 31.2852 -40.0273 -36.3879
10.7598 -38.0956 -32.9951 31.2852 -38.0956 -32.9951 31.2851 -38.361 -32.9953
31.2852 -40.0273 -36.3879 31.2853 -40.2926 -36.3878 10.7598 -40.2926 -36.3878
31.0563 -38.3927 -32.6828 31.0563 -39.9956 -32.6828 10.9887 -39.9956 -32.6828
27.2235 -38.0011 -29.978 15.5874 -38.0011 -29.978 15.5884 -37.2487 -29.978
39.1896 -31.1844 -29.978 27.2235 -38.0011 -29.978 27.2304 -37.2487 -29.978
27.0974 -38.497 -29.3175 27.2235 -38.0011 -29.978 54.7827 -38.497 -29.3158
27.2235 -38.0011 -29.978 27.0974 -38.497 -29.3175 15.5874 -38.0011 -29.978
15.6821 -38.497 -29.3175 15.5874 -38.0011 -29.978 27.0974 -38.497 -29.3175
15.5884 -37.2487 -29.978 27.2304 -37.2487 -29.978 27.2235 -38.0011 -29.978
