-34.6822 -10.3364 -26.5607 -34.7309 -10.346 -1.634 -34.7307 -10.0234 -1.634
-34.7307 -10.0234 -1.634 -47.1243 -10.3266 -1.634 -47.1243 -10.0282 -1.634
-47.1243 -10.3266 -1.634 -34.7307 -10.0234 -1.634 -34.7309 -10.346 -1.634
-34.3716 -10.3412 -1.4635 -46.7456 -11.8008 -1.3771 -46.7456 -10.3266 -1.3771
-46.7456 -11.8008 -1.3771 -34.3716 -10.3412 -1.4635 -34.3716 -11.8008 -1.4635
-34.7307 -10.0234 -1.634 -34.6856 -10.033 -26.5648 -34.6822 -10.3364 -26.5607
-34.3716 -11.8008 -1.4635 -33.6225 -11.8008 -0.6693 -46.1898 -11.8008 -0.6693
-46.1898 -11.8008 -0.6693 -46.7456 -11.8008 -1.3771 -34.3716 -11.8008 -1.4635
-32.1497 -28.7988 -11.0556 -32.1497 -17.5101 -4.8162 -32.1497 -17.5101 -11.0556
-32.5416 -16.9234 -11.6423 -32.1032 -16.6791 -11.8866 -32.5416 -29.3855 -11.6423
-32.1032 -29.6298 -11.8866 -32.5416 -29.3855 -11.6423 -32.1032 -16.6791 -11.8866
-32.1035 -16.6791 -3.9851 -32.5416 -16.9234 -4.2294 -32.5416 -29.3855 -4.2294
-32.5416 -17.3441 -11.2216 -32.5416 -16.9234 -11.6423 -32.5416 -29.3855 -11.6423
-32.5416 -29.3855 -11.6423 -32.5416 -28.9648 -11.2216 -32.5416 -17.3441 -11.2216
-32.5416 -16.9234 -4.2294 -32.5416 -17.3441 -4.6501 -32.5416 -29.3855 -4.2294
-32.5416 -28.9648 -11.2216 -32.1497 -28.7988 -11.0556 -32.1497 -17.5101 -11.0556
-32.1497 -17.5101 -11.0556 -32.5416 -17.3441 -11.2216 -32.5416 -28.9648 -11.2216
-32.5416 -28.9648 -4.6501 -32.5416 -17.3441 -4.6501 -32.1497 -17.5101 -4.8162
-34.3716 -11.8008 -1.4635 -34.3716 -10.3412 -1.4635 -34.3716 -10.3412 -26.1181
-34.3716 -10.3412 -26.1181 -34.3716 -11.8008 -26.1181 -34.3716 -11.8008 -1.4635
-33.6225 -11.8008 -25.6094 -33.6225 -11.8008 -0.6693 -34.3716 -11.8008 -1.4635
-34.3716 -11.8008 -26.1181 -33.6225 -11.8008 -25.6094 -34.3716 -11.8008 -1.4635
-46.1898 -11.8008 -0.6693 -33.6225 -11.8008 -0.6693 -33.6225 -10.7692 -0.6693
-46.1898 -10.7692 -0.6693 -46.1898 -11.8008 -0.6693 -33.6225 -10.7692 -0.6693
-33.6225 -11.8008 -0.6693 -33.6225 -11.8008 -25.6094 -33.6225 -10.7692 -25.6094
-33.6225 -10.7692 -0.6693 -33.6225 -11.8008 -0.6693 -33.6225 -10.7692 -25.6094
-32.5416 -16.9234 -4.2294 -32.1035 -16.6791 -3.9851 -32.1032 -16.6791 -11.8866
-32.1032 -16.6791 -11.8866 -32.5416 -16.9234 -11.6423 -32.5416 -16.9234 -4.2294
-32.5416 -17.3441 -4.6501 -32.5416 -16.9234 -4.2294 -32.5416 -16.9234 -11.6423
-32.5416 -16.9234 -11.6423 -32.5416 -17.3441 -11.2216 -32.5416 -17.3441 -4.6501
-32.5416 -17.3441 -4.6501 -32.5416 -17.3441 -11.2216 -32.1497 -17.5101 -11.0556
-32.1497 -17.5101 -11.0556 -32.1497 -17.5101 -4.8162 -32.5416 -17.3441 -4.6501
-34.7309 -10.346 -1.634 -34.6822 -10.3364 -26.5607 -34.3716 -10.3412 -26.1181
-34.3716 -10.3412 -26.1181 -34.3716 -10.3412 -1.4635 -34.7309 -10.346 -1.634
-34.7309 -10.346 -1.634 -46.7456 -10.3266 -1.3771 -47.1243 -10.3266 -1.634
-46.7456 -10.3266 -1.3771 -34.7309 -10.346 -1.634 -34.3716 -10.3412 -1.4635
-33.6225 -10.7692 -25.6094 -32.1029 -10.7692 -22.645 -33.6225 -10.7692 -0.6693
-32.1029 -10.7692 -22.645 -32.1035 -10.7692 -1.4629 -33.6225 -10.7692 -0.6693
-32.1035 -10.7692 -1.4629 -32.1035 -16.6791 -3.9851 -32.1035 -29.6298 -3.9851
-32.1032 -16.6791 -11.8866 -32.1035 -16.6791 -3.9851 -32.1035 -10.7692 -1.4629
-32.1029 -37.9832 -22.6449 -32.1032 -29.6298 -11.8866 -32.1029 -10.7692 -22.645
-32.1029 -10.7692 -22.645 -32.1032 -29.6298 -11.8866 -32.1032 -16.6791 -11.8866
-32.1035 -10.7692 -1.4629 -32.1029 -10.7692 -22.645 -32.1032 -16.6791 -11.8866
-14.3646 -4.1603 -4.5011 -34.7307 -10.0234 -1.634 -23.1194 -8.3783 7.8824
-30.6133 -4.46 18.8899 -23.1194 -8.3783 7.8824 -34.7307 -10.0234 -1.634
-34.7307 -10.0234 -1.634 -47.1243 -10.0282 -1.634 -30.6133 -4.46 18.8899
-34.7307 -10.0234 -1.634 -14.3646 -4.1603 -4.5011 -34.6856 -10.033 -26.5648
