-21.074 16.5684 16.921 -19.9683 16.3251 16.1524 -19.9683 16.3251 42.5797
-19.9683 15.2352 16.1525 -14.3024 15.2193 14.9424 -14.2935 15.2193 39.657
-14.1245 10.0971 26.8216 -14.1245 -1.7944 26.8216 -14.5373 -1.9693 26.9964
-14.5373 -1.9693 26.9964 -14.5373 10.2719 26.9964 -14.1245 10.0971 26.8216
-14.5373 -1.9693 26.9964 -14.1245 -1.7944 26.8216 -14.1245 -1.7944 20.249
-14.1245 -1.7944 20.249 -14.5373 -1.9693 20.0741 -14.5373 -1.9693 26.9964
-14.1245 10.0971 20.249 -14.5373 10.2719 20.0741 -14.5373 -1.9693 20.0741
-14.5373 -1.9693 20.0741 -14.1245 -1.7944 20.249 -14.1245 10.0971 20.249
-14.1245 10.0971 20.249 -14.1245 10.0971 26.8216 -14.5373 10.2719 26.9964
-14.5373 10.2719 20.0741 -14.1245 10.0971 20.249 -14.5373 10.2719 26.9964
-14.5373 10.2719 26.9964 -14.5373 -1.9693 26.9964 -14.5373 -2.4124 27.4396
-14.5373 10.7151 27.4396 -14.5373 10.2719 26.9964 -14.5373 -2.4124 27.4396
-14.5373 -2.4124 19.6309 -14.5373 -1.9693 20.0741 -14.5373 10.2719 20.0741
-14.5373 10.2719 20.0741 -14.5373 10.7151 19.6309 -14.5373 -2.4124 19.6309
-14.5373 10.7151 27.4396 -14.5373 -2.4124 27.4396 -14.2978 -2.6698 27.697
-14.2978 10.9725 27.697 -14.5373 10.7151 27.4396 -14.2978 -2.6698 27.697
-14.2978 -2.6698 27.697 -14.5373 -2.4124 27.4396 -14.5373 -2.4124 19.6309
-14.5373 -2.4124 19.6309 -14.3008 -2.6698 19.3735 -14.2978 -2.6698 27.697
-14.3008 -2.6698 19.3735 -14.5373 -2.4124 19.6309 -14.5373 10.7151 19.6309
-14.5373 10.7151 19.6309 -14.3008 10.9725 19.3735 -14.3008 -2.6698 19.3735
-14.5373 10.7151 19.6309 -14.5373 10.7151 27.4396 -14.2978 10.9725 27.697
-14.3008 10.9725 19.3735 -14.5373 10.7151 19.6309 -14.2978 10.9725 27.697
-14.1245 -1.7944 20.249 -14.1245 -1.7944 26.8216 -14.1245 10.0971 26.8216
-14.1245 -1.7944 20.249 -14.1245 10.0971 26.8216 -14.1245 10.0971 20.249
-14.5373 10.7151 27.4396 -14.5373 10.7151 19.6309 -14.5373 10.2719 20.0741
-14.5373 10.2719 20.0741 -14.5373 10.2719 26.9964 -14.5373 10.7151 27.4396
-14.5373 -1.9693 26.9964 -14.5373 -1.9693 20.0741 -14.5373 -2.4124 19.6309
-14.5373 -2.4124 27.4396 -14.5373 -1.9693 26.9964 -14.5373 -2.4124 19.6309
-19.9683 16.3251 16.1524 -19.9683 15.2352 16.1525 -19.9683 15.2352 42.4276
-21.074 17.3776 16.921 -21.074 16.5684 16.921 -21.0787 16.5684 44.4015
-14.3646 -4.1603 -4.5011 -14.1917 -7.4505 14.9639 -14.3023 -2.6698 14.9424
-14.3023 -2.6698 14.9424 -14.3008 -2.6698 19.3735 -14.3008 10.9725 19.3735
-14.3023 -2.6698 14.9424 -14.3024 15.2193 14.9424 -14.3094 15.2193 -4.5045
-14.3023 -2.6698 14.9424 -14.3008 10.9725 19.3735 -14.3024 15.2193 14.9424
-14.3024 15.2193 14.9424 -14.3008 10.9725 19.3735 -14.2978 10.9725 27.697
-14.3024 15.2193 14.9424 -14.2978 10.9725 27.697 -14.2935 15.2193 39.657
-14.2978 10.9725 27.697 -14.2978 -2.6698 27.697 -14.2934 -2.6759 39.657
-14.3008 -2.6698 19.3735 -14.3023 -2.6698 14.9424 -14.1917 -7.4505 14.9639
-14.2978 -2.6698 27.697 -14.3008 -2.6698 19.3735 -14.1917 -7.4505 14.9639
-14.1917 -7.4505 14.9639 -30.6133 -4.46 18.8899 -14.2946 -10.0282 36.4449
-14.3646 -4.1603 -4.5011 -23.1194 -8.3783 7.8824 -14.1917 -7.4505 14.9639
-14.1917 -7.4505 14.9639 -23.1194 -8.3783 7.8824 -30.6133 -4.46 18.8899
