55.6413 -17.8116 14.9011 55.6413 -18.42 15.5095 55.6413 -30.9784 15.5095
55.6413 -18.42 15.5095 55.6413 -17.8116 14.9011 55.6413 -17.8116 28.3061
55.6413 -17.8116 28.3061 55.6413 -18.42 27.6976 55.6413 -18.42 15.5095
55.6413 -30.9784 27.6976 55.6413 -18.42 27.6976 55.6413 -17.8116 28.3061
55.6413 -31.5868 28.3061 55.6413 -30.9784 27.6976 55.6413 -17.8116 28.3061
55.6413 -30.9784 15.5095 55.6413 -30.9784 27.6976 55.6413 -31.5868 28.3061
55.6413 -31.5868 14.9011 55.6413 -30.9784 15.5095 55.6413 -31.5868 28.3061
55.6413 -30.9784 15.5095 55.6413 -31.5868 14.9011 55.6413 -17.8116 14.9011
55.4141 -30.7621 15.7257 55.4141 -18.6362 15.7257 55.4141 -18.6362 27.4814
55.4141 -18.6362 27.4814 55.4141 -30.7621 27.4814 55.4141 -30.7621 15.7257
55.6413 -31.5868 14.9011 55.4349 -31.9474 14.5405 55.4349 -17.4509 14.5405
55.4349 -17.4509 14.5405 55.6413 -17.8116 14.9011 55.6413 -31.5868 14.9011
55.6413 -17.8116 28.3061 55.6413 -17.8116 14.9011 55.4349 -17.4509 14.5405
55.4349 -17.4509 28.6667 55.6413 -17.8116 28.3061 55.4349 -17.4509 14.5405
55.6413 -31.5868 28.3061 55.6413 -17.8116 28.3061 55.4349 -17.4509 28.6667
55.4349 -31.9474 28.6667 55.6413 -31.5868 28.3061 55.4349 -17.4509 28.6667
55.6413 -31.5868 28.3061 55.4349 -31.9474 28.6667 55.4349 -31.9474 14.5405
55.4349 -31.9474 14.5405 55.6413 -31.5868 14.9011 55.6413 -31.5868 28.3061
55.4141 -18.6362 15.7257 55.4141 -30.7621 15.7257 55.6413 -30.9784 15.5095
55.6413 -18.42 15.5095 55.4141 -18.6362 15.7257 55.6413 -30.9784 15.5095
55.4141 -18.6362 27.4814 55.4141 -18.6362 15.7257 55.6413 -18.42 15.5095
55.6413 -18.42 27.6976 55.4141 -18.6362 27.4814 55.6413 -18.42 15.5095
55.4141 -18.6362 27.4814 55.6413 -18.42 27.6976 55.6413 -30.9784 27.6976
55.6413 -30.9784 27.6976 55.4141 -30.7621 27.4814 55.4141 -18.6362 27.4814
55.4141 -30.7621 27.4814 55.6413 -30.9784 27.6976 55.6413 -30.9784 15.5095
55.6413 -30.9784 15.5095 55.4141 -30.7621 15.7257 55.4141 -30.7621 27.4814
55.4349 -38.0011 39.7525 54.7732 -38.497 39.0894 55.4349 -38.0011 9.8844
54.7732 -38.497 9.7882 55.4349 -38.0011 9.8844 54.7732 -38.497 39.0894
55.4349 -17.4509 28.6667 55.4349 -17.4509 14.5405 55.4349 -2.6698 19.5542
55.4349 -38.0011 9.8844 55.4349 -31.9474 14.5405 55.4349 -31.9474 28.6667
55.4349 -38.0011 9.8844 55.4349 -31.9474 28.6667 55.4349 -38.0011 39.7525
55.4349 -38.0011 39.7525 55.4349 -31.9474 28.6667 55.4349 -17.4509 39.7525
55.4349 -31.9474 28.6667 55.4349 -17.4509 28.6667 55.4349 -17.4509 39.7525
55.4349 -17.4411 9.8835 55.4349 -17.4509 14.5405 55.4349 -31.9474 14.5405
55.4349 -17.4509 14.5405 55.4349 -17.4411 9.8835 55.4349 -2.6698 9.8835
