58.3569 16.3251 45.4271 61.1224 16.3251 42.6882 62.2281 16.5684 44.5156
60.1775 16.5684 46.5663 58.3569 16.3251 45.4271 62.2281 16.5684 44.5156
58.3569 16.3251 45.4271 58.2044 15.2352 45.4271 61.1224 15.2352 42.5358
61.1224 15.2352 42.5358 61.1224 16.3251 42.6882 58.3569 16.3251 45.4271
61.1224 16.3251 42.6882 61.1224 15.2352 42.5358 61.1224 16.3251 10.4912
61.1224 15.2352 42.5358 58.2044 15.2352 45.4271 55.4349 15.2193 39.7526
61.1224 15.2352 10.4912 61.1224 15.2352 42.5358 55.4349 15.2193 39.7526
55.4349 15.2193 39.7526 58.2044 15.2352 45.4271 26.1598 15.2352 45.4271
58.2044 15.2352 45.4271 58.3569 16.3251 45.4271 26.1598 16.3251 45.4271
62.2281 17.3776 44.5156 62.2281 16.5684 44.5156 62.2281 16.5684 10.8762
26.5379 16.5684 46.5663 60.1775 16.5684 46.5663 60.1775 17.3776 46.5663
62.2281 16.5684 44.5156 62.2281 17.3776 44.5156 60.1775 17.3776 46.5663
60.1775 17.3776 46.5663 60.1775 16.5684 46.5663 62.2281 16.5684 44.5156
62.2281 16.5684 44.5156 61.1224 16.3251 42.6882 62.2281 16.5684 10.8762
58.3569 16.3251 45.4271 60.1775 16.5684 46.5663 26.5379 16.5684 46.5663
55.4349 -2.6925 39.7526 55.4349 15.2193 39.7526 43.5599 10.9725 39.7526
55.4349 10.9725 27.8776 55.4349 15.2193 39.7526 55.4349 -2.6925 39.7526
60.1775 17.3776 46.5663 36.7826 41.4191 6.4192 26.5379 17.3776 46.5663
36.7826 41.4191 6.4192 60.1775 17.3776 46.5663 62.2281 17.3776 44.5156
