39.9705 10.0971 -29.8217 39.9705 -1.7944 -29.8217 39.7957 -1.9693 -30.2346
46.5431 -1.7944 -29.8217 46.7179 -1.9693 -30.2345 39.7957 -1.9693 -30.2346
39.7957 -1.9693 -30.2346 39.9705 -1.7944 -29.8217 46.5431 -1.7944 -29.8217
46.7179 -1.9693 -30.2345 46.5431 -1.7944 -29.8217 46.5431 10.0971 -29.8217
39.7956 10.2719 -30.2346 39.7957 -1.9693 -30.2346 39.3525 -2.4124 -30.2346
47.1611 -2.4124 -30.2345 46.7179 -1.9693 -30.2345 47.1611 10.7151 -30.2345
39.3525 10.7151 -30.2346 39.3525 -2.4124 -30.2346 39.0951 -2.6698 -29.978
47.4185 -2.6698 -29.978 47.1611 -2.4124 -30.2345 47.1611 10.7151 -30.2345
46.5431 -1.7944 -29.8217 39.9705 -1.7944 -29.8217 39.9705 10.0971 -29.8217
47.1611 -2.4124 -30.2345 47.4185 -2.6698 -29.978 39.0951 -2.6698 -29.978
39.0951 -2.6698 -29.978 39.3525 -2.4124 -30.2346 47.1611 -2.4124 -30.2345
39.7957 -1.9693 -30.2346 46.7179 -1.9693 -30.2345 47.1611 -2.4124 -30.2345
39.3525 -2.4124 -30.2346 39.7957 -1.9693 -30.2346 47.1611 -2.4124 -30.2345
55.439 -2.6759 -29.9747 47.4185 -2.6698 -29.978 47.4185 10.9725 -29.978
47.431 -17.4015 -29.978 47.4185 -2.6698 -29.978 55.439 -2.6759 -29.9747
55.439 -2.6759 -29.9747 55.439 -17.4312 -29.9747 47.431 -17.4015 -29.978
55.439 -17.4312 -29.9747 55.439 -2.6759 -29.9747 55.4349 -2.6698 -18.1067
39.1896 -17.4015 -29.978 39.0951 -2.6698 -29.978 47.4185 -2.6698 -29.978
47.4185 -2.6698 -29.978 47.431 -17.4015 -29.978 39.1896 -17.4015 -29.978
39.0951 10.9725 -29.978 39.0951 -2.6698 -29.978 27.2304 -2.6759 -29.978
