-51.7451 -41.5277 23.5682 -51.745 -41.7785 23.5682 -48.2766 -41.5277 23.6438
-51.745 -41.7785 23.5682 -48.2701 -41.7798 23.6438 -48.2766 -41.5277 23.6438
-54.9517 -43.3533 23.5682 -54.9514 -43.6041 23.5683 -51.4836 -43.3533 23.6438
-54.9514 -43.6041 23.5683 -51.48 -43.6123 23.6438 -51.4836 -43.3533 23.6438
-61.3651 -47.0046 23.5682 -61.3651 -47.2822 23.5682 -57.897 -47.0046 23.6438
-61.3651 -47.2822 23.5682 -57.8941 -47.2822 23.6438 -57.897 -47.0046 23.6438
-51.745 -41.7785 23.5682 -51.4499 -41.8085 23.3855 -48.2701 -41.7798 23.6438
-48.2352 -41.8098 23.3855 -48.2701 -41.7798 23.6438 -51.4499 -41.8085 23.3855
-48.2701 -41.7798 23.6438 -48.2352 -41.8098 23.3855 -48.2432 -41.4977 23.3855
-48.2432 -41.4977 23.3855 -48.2766 -41.5277 23.6438 -48.2701 -41.7798 23.6438
-51.4499 -41.4977 23.3855 -51.7451 -41.5277 23.5682 -48.2766 -41.5277 23.6438
-48.2766 -41.5277 23.6438 -48.2432 -41.4977 23.3855 -51.4499 -41.4977 23.3855
-54.9514 -43.6041 23.5683 -54.6566 -43.6341 23.3855 -51.48 -43.6123 23.6438
-51.4455 -43.6423 23.3855 -51.48 -43.6123 23.6438 -54.6566 -43.6341 23.3855
-51.48 -43.6123 23.6438 -51.4455 -43.6423 23.3855 -51.4499 -43.3234 23.3855
-51.4499 -43.3234 23.3855 -51.4836 -43.3533 23.6438 -51.48 -43.6123 23.6438
-54.6566 -43.3234 23.3855 -54.9517 -43.3533 23.5682 -51.4836 -43.3533 23.6438
-51.4836 -43.3533 23.6438 -51.4499 -43.3234 23.3855 -54.6566 -43.3234 23.3855
-58.1585 -45.4298 23.5681 -57.8632 -45.4597 23.3855 -54.6905 -45.4273 23.6438
-54.6565 -45.4573 23.3855 -54.6905 -45.4273 23.6438 -57.8632 -45.4597 23.3855
-54.6565 -45.4573 23.3855 -54.6566 -45.149 23.3855 -54.6907 -45.1789 23.6438
-54.6907 -45.1789 23.6438 -54.6905 -45.4273 23.6438 -54.6565 -45.4573 23.3855
-57.8632 -45.149 23.3855 -58.1584 -45.1789 23.5682 -54.6907 -45.1789 23.6438
-54.6907 -45.1789 23.6438 -54.6566 -45.149 23.3855 -57.8632 -45.149 23.3855
-61.3651 -47.2822 23.5682 -61.0699 -47.3121 23.3855 -57.8941 -47.2822 23.6438
-57.8597 -47.3121 23.3855 -57.8941 -47.2822 23.6438 -61.0699 -47.3121 23.3855
-57.8597 -47.3121 23.3855 -57.8632 -46.9746 23.3855 -57.897 -47.0046 23.6438
-57.897 -47.0046 23.6438 -57.8941 -47.2822 23.6438 -57.8597 -47.3121 23.3855
-61.0699 -46.9746 23.3855 -61.3651 -47.0046 23.5682 -57.897 -47.0046 23.6438
-57.897 -47.0046 23.6438 -57.8632 -46.9746 23.3855 -61.0699 -46.9746 23.3855
-58.1585 -45.4298 7.1881 -58.1585 -45.4298 23.5681 -58.1584 -45.1789 23.5682
-51.745 -41.7785 7.1881 -51.4499 -41.8085 23.3855 -51.745 -41.7785 23.5682
-54.6566 -43.6341 7.3708 -54.6566 -45.149 23.3855 -54.6566 -43.6341 23.3855
-57.8632 -45.4597 7.3708 -57.8632 -46.9746 23.3855 -57.8632 -45.4597 23.3855
-54.9514 -43.6041 7.1879 -54.6566 -43.6341 23.3855 -54.9514 -43.6041 23.5683
-58.1585 -45.4298 7.1881 -57.8632 -45.4597 23.3855 -58.1585 -45.4298 23.5681
-61.3651 -47.2822 7.1881 -61.0699 -47.3121 23.3855 -61.3651 -47.2822 23.5682
-48.5385 -39.9529 7.1882 -48.2432 -39.9828 23.3855 -48.5385 -39.9529 23.5681
-60.6528 -47.0916 22.8435 -61.1945 -47.0916 22.8435 -61.1945 -40.4443 22.8435
-60.6528 -47.0916 22.8435 -61.1945 -40.4443 22.8435 -60.6528 -40.0956 22.8435
-45.063 -30.0087 23.5108 -62.2328 -40.797 23.5108 -62.1105 -41.0941 23.5108
-45.063 -30.0087 22.7636 -62.1105 -41.0941 23.5108 -62.1105 -41.0941 22.7636
-45.9952 -47.8651 30.1051 -45.9952 -48.5669 31.9355 -45.9952 -47.8651 31.9355
-45.9952 -48.5669 31.9355 -45.9952 -47.8651 30.1051 -45.9952 -48.5669 30.1051
-45.9952 -48.5669 30.1051 -45.9952 -47.8651 30.1051 -45.9952 -47.8651 15.5537
-45.9952 -47.8651 15.5537 -45.9952 -48.5669 15.5537 -45.9952 -48.5669 30.1051
-45.9952 -47.8651 31.9355 -45.9952 -48.5669 31.9355 -43.9335 -48.5669 31.9355
-45.4829 -47.5935 29.7058 -45.4829 -47.5935 15.5537 -45.9952 -47.8651 15.5537
-45.9952 -47.8651 15.5537 -45.9952 -47.8651 30.1051 -45.4829 -47.5935 29.7058
-45.4829 -39.886 15.5537 -45.4829 -47.5935 15.5537 -45.4829 -47.5935 29.7058
-45.0366 -39.9799 23.3855 -48.2352 -41.8098 23.3855 -45.0366 -48.8002 23.3855
-48.2352 -41.8098 23.3855 -51.4455 -43.6423 23.3855 -45.0366 -48.8002 23.3855
-48.2352 -41.8098 23.3855 -51.4499 -43.3234 23.3855 -51.4455 -43.6423 23.3855
-48.2352 -41.8098 23.3855 -51.4499 -41.8085 23.3855 -51.4499 -43.3234 23.3855
-54.6565 -45.4573 23.3855 -57.8632 -45.4597 23.3855 -57.8632 -46.9746 23.3855
-54.6565 -45.4573 23.3855 -57.8632 -46.9746 23.3855 -57.8597 -47.3121 23.3855
-51.4455 -43.6423 23.3855 -54.6566 -43.6341 23.3855 -54.6566 -45.149 23.3855
-54.6566 -45.149 23.3855 -54.6565 -45.4573 23.3855 -51.4455 -43.6423 23.3855
-51.4455 -43.6423 23.3855 -54.6565 -45.4573 23.3855 -45.0366 -48.8002 23.3855
-57.8597 -47.3121 23.3855 -45.0366 -48.8002 23.3855 -54.6565 -45.4573 23.3855
-61.0699 -48.8002 23.3855 -45.0366 -48.8002 23.3855 -57.8597 -47.3121 23.3855
-61.0699 -47.3121 23.3855 -61.0699 -48.8002 23.3855 -57.8597 -47.3121 23.3855
-54.9514 -43.6041 7.1879 -54.9514 -43.6041 23.5683 -54.9517 -43.3533 23.5682
-54.6905 -45.4273 23.6438 -54.6907 -45.1789 23.6438 -58.1584 -45.1789 23.5682
-58.1584 -45.1789 23.5682 -58.1585 -45.4298 23.5681 -54.6905 -45.4273 23.6438
-54.6566 -43.3234 7.3708 -54.6566 -43.3234 23.3855 -51.4499 -43.3234 23.3855
-54.9517 -43.3533 7.1881 -54.9517 -43.3533 23.5682 -54.6566 -43.3234 23.3855
-58.1584 -45.1789 23.5682 -57.8632 -45.149 23.3855 -57.8632 -45.149 7.3708
-48.5384 -39.7021 7.1881 -48.5384 -39.7021 23.5682 -48.2432 -39.6721 23.3855
-51.4499 -43.3234 23.3855 -51.4499 -41.8085 23.3855 -51.4499 -41.8085 7.3708
-61.0699 -46.9746 23.3855 -57.8632 -46.9746 23.3855 -57.8632 -46.9746 7.3708
-51.7451 -41.5277 7.1881 -51.7451 -41.5277 23.5682 -51.4499 -41.4977 23.3855
-61.3651 -47.0046 7.1881 -61.3651 -47.0046 23.5682 -61.0699 -46.9746 23.3855
-51.4499 -41.4977 23.3855 -48.2432 -41.4977 23.3855 -48.2432 -41.4977 7.3708
-48.5385 -39.9529 7.1882 -48.5385 -39.9529 23.5681 -48.5384 -39.7021 23.5682
-57.8632 -45.149 7.3708 -57.8632 -45.149 23.3855 -54.6566 -45.149 23.3855
-61.3651 -47.2822 23.5682 -61.3651 -47.0046 23.5682 -61.3651 -47.0046 7.1881
-51.745 -41.7785 7.1881 -51.745 -41.7785 23.5682 -51.7451 -41.5277 23.5682
-48.2432 -41.4977 23.3855 -48.2432 -39.9828 23.3855 -48.2432 -39.9828 7.3708
-61.0699 -48.8002 23.3855 -61.0699 -47.3121 23.3855 -61.0699 -47.3121 7.3708
-61.1945 -47.0916 23.4309 -61.1945 -40.4443 23.4309 -61.1945 -40.4443 22.8435
-61.1945 -40.4443 22.8435 -61.1945 -47.0916 22.8435 -61.1945 -47.0916 23.4309
-60.6528 -47.0916 23.4309 -60.6528 -40.0956 23.4309 -61.1945 -40.4443 23.4309
-61.1945 -40.4443 23.4309 -61.1945 -47.0916 23.4309 -60.6528 -47.0916 23.4309
-60.6528 -47.0916 22.8435 -60.6528 -40.0956 22.8435 -60.6528 -40.0956 23.4309
-60.6528 -40.0956 23.4309 -60.6528 -47.0916 23.4309 -60.6528 -47.0916 22.8435
-45.1853 -29.7115 22.7636 -62.2328 -40.797 22.7636 -62.2328 -40.797 23.5108
-45.063 -30.0087 22.7636 -62.1105 -41.0941 22.7636 -62.2328 -40.797 22.7636
-62.1105 -41.0941 23.5108 -62.2328 -40.797 23.5108 -62.2328 -40.797 22.7636
-62.2328 -40.797 22.7636 -62.1105 -41.0941 22.7636 -62.1105 -41.0941 23.5108
