-19.9676 16.3252 -32.992 -19.9683 16.3251 -5.6104 -21.074 16.5684 -6.3158
-14.3186 15.2193 -30.0702 -14.3094 15.2193 -4.5045 -19.9683 15.2352 -5.6104
-14.1245 10.0971 -10.8393 -14.1245 -1.7944 -10.8393 -14.5373 -1.9693 -10.6645
-14.5373 -1.9693 -10.6645 -14.5373 10.2719 -10.6645 -14.1245 10.0971 -10.8393
-14.5373 -1.9693 -10.6645 -14.1245 -1.7944 -10.8393 -14.1245 -1.7944 -17.4119
-14.1245 -1.7944 -17.4119 -14.5373 -1.9693 -17.5868 -14.5373 -1.9693 -10.6645
-14.1245 10.0971 -17.4119 -14.5373 10.2719 -17.5868 -14.5373 -1.9693 -17.5868
-14.5373 -1.9693 -17.5868 -14.1245 -1.7944 -17.4119 -14.1245 10.0971 -17.4119
-14.1245 10.0971 -17.4119 -14.1245 10.0971 -10.8393 -14.5373 10.2719 -10.6645
-14.5373 10.2719 -17.5868 -14.1245 10.0971 -17.4119 -14.5373 10.2719 -10.6645
-14.5373 10.2719 -10.6645 -14.5373 -1.9693 -10.6645 -14.5373 -2.4125 -10.2213
-14.5373 10.7151 -10.2213 -14.5373 10.2719 -10.6645 -14.5373 -2.4125 -10.2213
-14.5373 -2.4125 -18.0299 -14.5373 -1.9693 -17.5868 -14.5373 10.2719 -17.5868
-14.5373 10.2719 -17.5868 -14.5373 10.7151 -18.0299 -14.5373 -2.4125 -18.0299
-14.5373 10.7151 -10.2213 -14.5373 -2.4125 -10.2213 -14.3113 -2.6698 -9.9639
-14.3113 10.9725 -9.9639 -14.5373 10.7151 -10.2213 -14.3113 -2.6698 -9.9639
-14.5373 -2.4125 -10.2213 -14.5373 -2.4125 -18.0299 -14.3143 -2.6698 -18.2873
-14.3113 -2.6698 -9.9639 -14.5373 -2.4125 -10.2213 -14.3143 -2.6698 -18.2873
-14.3143 -2.6698 -18.2873 -14.5373 -2.4125 -18.0299 -14.5373 10.7151 -18.0299
-14.5373 10.7151 -18.0299 -14.3143 10.9725 -18.2873 -14.3143 -2.6698 -18.2873
-14.5373 10.7151 -18.0299 -14.5373 10.7151 -10.2213 -14.3113 10.9725 -9.9639
-14.3143 10.9725 -18.2873 -14.5373 10.7151 -18.0299 -14.3113 10.9725 -9.9639
-14.1245 -1.7944 -17.4119 -14.1245 -1.7944 -10.8393 -14.1245 10.0971 -10.8393
-14.1245 -1.7944 -17.4119 -14.1245 10.0971 -10.8393 -14.1245 10.0971 -17.4119
-14.5373 10.2719 -10.6645 -14.5373 10.7151 -10.2213 -14.5373 10.7151 -18.0299
-14.5373 10.7151 -18.0299 -14.5373 10.2719 -17.5868 -14.5373 10.2719 -10.6645
-14.5373 -1.9693 -10.6645 -14.5373 -1.9693 -17.5868 -14.5373 -2.4125 -18.0299
-14.5373 -2.4125 -10.2213 -14.5373 -1.9693 -10.6645 -14.5373 -2.4125 -18.0299
-19.969 15.2351 -32.8407 -19.9683 15.2352 -5.6104 -19.9683 16.3251 -5.6104
-21.074 16.5684 -6.3158 -21.074 17.3776 -6.3158 -21.074 17.3776 -34.8132
-14.3113 -2.6698 -9.9639 -14.3172 -10.0282 -26.56 -14.3646 -4.1603 -4.5011
-14.3185 -2.6925 -30.0702 -14.3143 -2.6698 -18.2873 -14.3143 10.9725 -18.2873
-14.3113 10.9725 -9.9639 -14.3113 -2.6698 -9.9639 -14.3093 -2.6698 -4.5045
-14.3093 -2.6698 -4.5045 -14.3094 15.2193 -4.5045 -14.3113 10.9725 -9.9639
-14.3143 10.9725 -18.2873 -14.3113 10.9725 -9.9639 -14.3094 15.2193 -4.5045
-14.3186 15.2193 -30.0702 -14.3143 10.9725 -18.2873 -14.3094 15.2193 -4.5045
-14.3094 15.2193 -4.5045 -14.3093 -2.6698 -4.5045 -14.3023 -2.6698 14.9424
-14.3646 -4.1603 -4.5011 -14.3093 -2.6698 -4.5045 -14.3113 -2.6698 -9.9639
-14.3023 -2.6698 14.9424 -14.3093 -2.6698 -4.5045 -14.3646 -4.1603 -4.5011
