61.1224 15.2352 42.5358 61.1224 15.2352 10.4912 61.1224 16.3251 10.4912
55.4349 15.2193 9.8835 61.1224 15.2352 10.4912 55.4349 15.2193 39.7526
55.2786 10.0971 20.4296 55.2786 -1.7944 20.4296 55.6915 -1.9693 20.2547
55.6915 -1.9693 20.2547 55.6915 10.2719 20.2547 55.2786 10.0971 20.4296
55.6915 -1.9693 20.2547 55.2786 -1.7944 20.4296 55.2786 -1.7944 27.0022
55.2786 -1.7944 27.0022 55.6915 -1.9693 27.1771 55.6915 -1.9693 20.2547
55.2786 10.0971 27.0022 55.6915 10.2719 27.1771 55.6915 -1.9693 27.1771
55.6915 -1.9693 27.1771 55.2786 -1.7944 27.0022 55.2786 10.0971 27.0022
55.2786 10.0971 27.0022 55.2786 10.0971 20.4296 55.6915 10.2719 20.2547
55.6915 10.2719 27.1771 55.2786 10.0971 27.0022 55.6915 10.2719 20.2547
55.6915 10.2719 20.2547 55.6915 -1.9693 20.2547 55.6915 -2.4125 19.8115
55.6915 10.7151 19.8115 55.6915 10.2719 20.2547 55.6915 -2.4125 19.8115
55.6915 -2.4125 27.6202 55.6915 -1.9693 27.1771 55.6915 10.2719 27.1771
55.6915 10.2719 27.1771 55.6915 10.7151 27.6202 55.6915 -2.4125 27.6202
55.6915 10.7151 19.8115 55.6915 -2.4125 19.8115 55.4349 -2.6698 19.5542
55.4349 10.9725 19.5542 55.6915 10.7151 19.8115 55.4349 -2.6698 19.5542
55.4349 -2.6698 27.8776 55.6915 -2.4125 27.6202 55.6915 10.7151 27.6202
55.6915 10.7151 27.6202 55.4349 10.9725 27.8776 55.4349 -2.6698 27.8776
55.2786 10.0971 20.4296 55.2786 10.0971 27.0022 55.2786 -1.7944 27.0022
55.2786 -1.7944 27.0022 55.2786 -1.7944 20.4296 55.2786 10.0971 20.4296
55.6915 10.7151 19.8115 55.4349 10.9725 19.5542 55.4349 10.9725 27.8776
55.4349 10.9725 27.8776 55.6915 10.7151 27.6202 55.6915 10.7151 19.8115
55.6915 -2.4125 19.8115 55.6915 -2.4125 27.6202 55.4349 -2.6698 27.8776
55.4349 -2.6698 19.5542 55.6915 -2.4125 19.8115 55.4349 -2.6698 27.8776
55.6915 10.2719 20.2547 55.6915 10.7151 19.8115 55.6915 10.7151 27.6202
55.6915 10.7151 27.6202 55.6915 10.2719 27.1771 55.6915 10.2719 20.2547
55.6915 -1.9693 20.2547 55.6915 -1.9693 27.1771 55.6915 -2.4125 27.6202
55.6915 -2.4125 19.8115 55.6915 -1.9693 20.2547 55.6915 -2.4125 27.6202
55.4349 10.9725 19.5542 55.4349 -2.6698 19.5542 55.4349 -2.6698 9.8835
55.4349 -2.6698 9.8835 55.4349 15.2193 9.8835 55.4349 10.9725 19.5542
55.4349 10.9725 27.8776 55.4349 10.9725 19.5542 55.4349 15.2193 9.8835
55.4349 15.2193 39.7526 55.4349 10.9725 27.8776 55.4349 15.2193 9.8835
55.4349 -2.6925 39.7526 55.4349 -2.6698 27.8776 55.4349 10.9725 27.8776
55.4349 -17.4509 28.6667 55.4349 -2.6698 27.8776 55.4349 -2.6925 39.7526
55.4349 -2.6698 19.5542 55.4349 -2.6698 27.8776 55.4349 -17.4509 28.6667
55.4349 -2.6698 9.8835 55.4349 -2.6698 19.5542 55.4349 -17.4509 14.5405
