40.2582 -30.1157 -29.9572 46.3623 -30.1157 -29.9572 46.5572 -30.3106 -30.1844
40.0633 -30.3106 -30.1844 40.2582 -30.1157 -29.9572 46.5572 -30.3106 -30.1844
46.5572 -30.3106 -30.1844 46.3623 -30.1157 -29.9572 46.5572 -18.2752 -30.1844
46.3623 -18.4702 -29.9572 46.5572 -18.2752 -30.1844 46.3623 -30.1157 -29.9572
46.5572 -18.2752 -30.1844 46.3623 -18.4702 -29.9572 40.2582 -18.4702 -29.9572
40.2582 -18.4702 -29.9572 40.0633 -18.2752 -30.1844 46.5572 -18.2752 -30.1844
40.0633 -18.2752 -30.1844 40.2582 -18.4702 -29.9572 40.2582 -30.1157 -29.9572
40.2582 -30.1157 -29.9572 40.0633 -30.3106 -30.1844 40.0633 -18.2752 -30.1844
46.5572 -30.3106 -30.1844 46.5572 -18.2752 -30.1844 47.1058 -17.7267 -30.1844
47.1058 -30.8592 -30.1844 46.5572 -30.3106 -30.1844 47.1058 -17.7267 -30.1844
39.5147 -17.7267 -30.1844 40.0633 -18.2752 -30.1844 40.0633 -30.3106 -30.1844
40.0633 -30.3106 -30.1844 39.5147 -30.8592 -30.1844 39.5147 -17.7267 -30.1844
47.431 -31.1844 -29.978 47.1058 -30.8592 -30.1844 47.1058 -17.7267 -30.1844
47.1058 -17.7267 -30.1844 47.431 -17.4015 -29.978 47.431 -31.1844 -29.978
39.5147 -17.7267 -30.1844 39.5147 -30.8592 -30.1844 39.1896 -31.1844 -29.978
39.1896 -17.4015 -29.978 39.5147 -17.7267 -30.1844 39.1896 -31.1844 -29.978
54.4248 -48.6898 -28.9585 53.3513 -48.6898 -29.3178 53.3513 -38.497 -29.3178
54.4248 -48.6898 -28.9585 53.3513 -38.497 -29.3178 54.4248 -38.497 -28.9585
54.7825 -48.6898 -27.8844 54.4248 -48.6898 -28.9585 54.4248 -38.497 -28.9585
54.7825 -48.6898 -27.8844 54.4248 -38.497 -28.9585 54.7825 -38.497 -27.8844
40.2582 -30.1157 -29.9572 40.2582 -18.4702 -29.9572 46.3623 -18.4702 -29.9572
46.3623 -18.4702 -29.9572 46.3623 -30.1157 -29.9572 40.2582 -30.1157 -29.9572
47.1058 -17.7267 -30.1844 39.5147 -17.7267 -30.1844 39.1896 -17.4015 -29.978
47.431 -17.4015 -29.978 47.1058 -17.7267 -30.1844 39.1896 -17.4015 -29.978
47.1058 -30.8592 -30.1844 47.431 -31.1844 -29.978 39.1896 -31.1844 -29.978
39.1896 -31.1844 -29.978 39.5147 -30.8592 -30.1844 47.1058 -30.8592 -30.1844
46.5572 -18.2752 -30.1844 40.0633 -18.2752 -30.1844 39.5147 -17.7267 -30.1844
47.1058 -17.7267 -30.1844 46.5572 -18.2752 -30.1844 39.5147 -17.7267 -30.1844
40.0633 -30.3106 -30.1844 46.5572 -30.3106 -30.1844 47.1058 -30.8592 -30.1844
39.5147 -30.8592 -30.1844 40.0633 -30.3106 -30.1844 47.1058 -30.8592 -30.1844
47.431 -31.1844 -29.978 47.431 -17.4015 -29.978 55.439 -17.4312 -29.9747
55.439 -17.4312 -29.9747 55.4446 -38.0011 -29.9763 47.431 -31.1844 -29.978
55.4446 -38.0011 -29.9763 27.2235 -38.0011 -29.978 39.1896 -31.1844 -29.978
55.4446 -38.0011 -29.9763 54.7827 -38.497 -29.3158 27.2235 -38.0011 -29.978
55.4349 -31.1844 -18.0123 55.4446 -38.0011 -29.9763 55.439 -17.4312 -29.9747
27.2304 -37.2487 -29.978 39.1896 -17.4015 -29.978 39.1896 -31.1844 -29.978
39.1896 -31.1844 -29.978 47.431 -31.1844 -29.978 55.4446 -38.0011 -29.9763
