-16.839 26.7665 -6.2185 -10.9561 26.7665 -6.2185 -16.839 20.9856 -6.2185
-16.0806 27.725 -8.7911 -12.8021 27.7016 -8.5783 -9.046 34.8675 4.1763
-17.0313 27.6645 -8.9339 -17.4123 27.6645 -9.1192 -12.8021 27.6645 -9.0574
-12.8021 27.6645 -9.0574 -12.8021 27.6645 -8.7741 -17.0313 27.6645 -8.9339
-21.074 16.5684 -6.3158 -19.9683 16.3251 -5.6104 -19.9683 16.3251 16.1524
-16.6212 27.728 -8.2334 -16.0806 27.725 -8.7911 -9.046 34.8675 4.1763
-16.6504 27.6645 -8.7487 -16.0806 27.725 -8.7911 -16.6212 27.728 -8.2334
-16.6212 27.728 -8.2334 -17.1924 27.6645 -8.1946 -16.6504 27.6645 -8.7487
-17.0313 26.419 -8.9339 -16.6504 26.419 -8.7487 -17.1924 26.419 -8.1946
-17.1924 26.419 -8.1946 -17.5714 26.419 -8.3747 -17.0313 26.419 -8.9339
-19.9683 15.2352 -5.6104 -14.3094 15.2193 -4.5045 -14.3024 15.2193 14.9424
-12.8021 26.419 -8.7741 -16.6504 26.419 -8.7487 -17.0313 26.419 -8.9339
-12.8021 26.419 -8.4907 -16.6504 26.419 -8.7487 -12.8021 26.419 -8.7741
-17.5714 26.419 -8.3747 -17.1924 26.419 -8.1946 -17.1292 26.419 17.2447
-17.5714 27.6645 -8.3747 -17.4123 27.6645 -9.1192 -17.0313 27.6645 -8.9339
-17.9503 27.6645 -8.5549 -17.4123 27.6645 -9.1192 -17.5714 27.6645 -8.3747
-12.8021 27.7016 -8.5783 -10.8874 27.7016 -8.5783 -9.046 34.8675 4.1763
-10.8874 27.7016 -8.5783 -9.1654 27.7016 -8.5783 -1.3766 34.8675 4.1763
-9.1654 27.6645 -9.0574 -9.1654 27.6645 -8.7741 -10.8874 27.6645 -8.7741
-9.1654 27.6645 -9.0574 -10.8874 27.6645 -8.7741 -10.8874 27.6645 -9.0574
-10.8874 27.6645 -9.0574 -10.8874 27.6645 -8.7741 -12.8021 27.6645 -8.7741
-10.8874 27.6645 -9.0574 -12.8021 27.6645 -8.7741 -12.8021 27.6645 -9.0574
-10.8874 26.419 -8.7741 -10.8874 26.419 -8.4907 -12.8021 26.419 -8.4907
-10.8874 26.419 -8.7741 -12.8021 26.419 -8.4907 -12.8021 26.419 -8.7741
-12.8021 26.419 -8.4907 -10.8874 26.419 -8.4907 -12.8021 27.6645 -8.4907
-12.8021 27.6645 -8.4907 -10.8874 26.419 -8.4907 -10.8874 27.6645 -8.4908
-19.9683 16.3251 -5.6104 -19.9683 15.2352 -5.6104 -19.9683 16.3251 16.1524
-21.074 17.3776 -6.3158 -21.074 16.5684 -6.3158 -21.074 16.5684 16.921
-16.4794 25.3125 2.4063 -16.4794 22.4397 2.4063 -16.4794 22.4397 8.0286
-16.4794 22.4397 0.4047 -16.4794 25.3125 0.4047 -16.4794 25.3125 -5.2177
-16.4794 25.3125 -5.2177 -16.4794 22.4397 -5.2177 -16.4794 22.4397 0.4047
-16.839 20.9856 1.4055 -16.839 22.4063 2.3125 -16.839 25.3458 2.3125
-16.839 20.9856 1.4055 -16.839 22.4063 0.4985 -16.839 20.9856 -6.2185
-16.839 25.3458 0.4985 -16.839 22.4063 0.4985 -16.839 20.9856 1.4055
-16.839 26.7665 1.4055 -16.839 25.3458 0.4985 -16.839 20.9856 1.4055
-16.839 25.3458 2.3125 -16.839 26.7665 1.4055 -16.839 20.9856 1.4055
-16.839 26.7665 1.4055 -16.839 25.3458 2.3125 -16.839 26.7665 9.0294
-16.8391 22.4063 8.1224 -16.839 22.4063 2.3125 -16.839 20.9856 1.4055
-16.839 25.3458 0.4985 -16.839 26.7665 1.4055 -16.839 26.7665 -6.2185
-16.839 26.7665 -6.2185 -16.839 25.3458 -5.3115 -16.839 25.3458 0.4985
-16.839 25.3458 -5.3115 -16.839 26.7665 -6.2185 -16.839 20.9856 -6.2185
-16.839 20.9856 -6.2185 -16.839 22.4063 -5.3115 -16.839 25.3458 -5.3115
-16.839 22.4063 0.4985 -16.839 22.4063 -5.3115 -16.839 20.9856 -6.2185
-16.4794 22.4397 2.4063 -16.839 22.4063 2.3125 -16.8391 22.4063 8.1224
-16.8391 25.3458 8.1224 -16.839 25.3458 2.3125 -16.4794 25.3125 2.4063
-16.839 22.4063 2.3125 -16.4794 22.4397 2.4063 -16.839 25.3458 2.3125
-16.4794 25.3125 2.4063 -16.839 25.3458 2.3125 -16.4794 22.4397 2.4063
-16.4794 25.3125 0.4047 -16.839 25.3458 0.4985 -16.839 25.3458 -5.3115
-16.839 25.3458 -5.3115 -16.4794 25.3125 -5.2177 -16.4794 25.3125 0.4047
-16.839 22.4063 -5.3115 -16.4794 22.4397 -5.2177 -16.839 25.3458 -5.3115
-16.4794 25.3125 -5.2177 -16.839 25.3458 -5.3115 -16.4794 22.4397 -5.2177
-16.4794 22.4397 0.4047 -16.4794 22.4397 -5.2177 -16.839 22.4063 -5.3115
-16.839 22.4063 0.4985 -16.4794 22.4397 0.4047 -16.839 22.4063 -5.3115
-16.4794 22.4397 0.4047 -16.839 22.4063 0.4985 -16.839 25.3458 0.4985
-16.839 25.3458 0.4985 -16.4794 25.3125 0.4047 -16.4794 22.4397 0.4047
-12.8021 27.6645 -9.0574 -17.4123 27.6645 -9.1192 -17.4123 28.0259 -9.1192
-12.8021 28.0259 -9.0574 -12.8021 27.6645 -9.0574 -17.4123 28.0259 -9.1192
-17.9503 28.0259 -8.5549 -17.9503 27.6645 -8.5549 -17.8828 27.6645 17.6084
-17.1292 27.6645 17.2447 -17.1924 27.6645 -8.1946 -16.6212 27.728 -8.2334
-17.9503 27.6645 -8.5549 -17.5714 27.6645 -8.3747 -17.506 27.6645 17.4265
-17.9503 27.6645 -8.5549 -17.9503 28.0259 -8.5549 -17.4123 28.0259 -9.1192
-17.4123 28.0259 -9.1192 -17.4123 27.6645 -9.1192 -17.9503 27.6645 -8.5549
-16.6504 26.419 -8.7487 -12.8021 26.419 -8.4907 -12.8021 27.6645 -8.4907
-16.6504 27.6645 -8.7487 -16.6504 26.419 -8.7487 -12.8021 27.6645 -8.4907
-16.6504 27.6645 -8.7487 -17.1924 27.6645 -8.1946 -17.1924 26.419 -8.1946
-17.1924 26.419 -8.1946 -16.6504 26.419 -8.7487 -16.6504 27.6645 -8.7487
-17.1292 26.419 17.2447 -17.1924 26.419 -8.1946 -17.1924 27.6645 -8.1946
-17.5714 27.6645 -8.3747 -17.5714 26.419 -8.3747 -17.506 27.6645 17.4265
-17.5714 26.419 -8.3747 -17.5714 27.6645 -8.3747 -17.0313 27.6645 -8.9339
-17.0313 27.6645 -8.9339 -17.0313 26.419 -8.9339 -17.5714 26.419 -8.3747
-17.0313 27.6645 -8.9339 -12.8021 27.6645 -8.7741 -12.8021 26.419 -8.7741
-12.8021 26.419 -8.7741 -17.0313 26.419 -8.9339 -17.0313 27.6645 -8.9339
-12.8021 27.6645 -9.0574 -12.8021 28.0259 -9.0574 -10.8874 28.0259 -9.0574
-10.8874 28.0259 -9.0574 -10.8874 27.6645 -9.0574 -12.8021 27.6645 -9.0574
-10.8874 27.6645 -9.0574 -10.8874 28.0259 -9.0574 -9.1654 28.0259 -9.0574
-9.1654 28.0259 -9.0574 -9.1654 27.6645 -9.0574 -10.8874 27.6645 -9.0574
-10.8874 26.419 -8.7741 -12.8021 26.419 -8.7741 -12.8021 27.6645 -8.7741
-12.8021 27.6645 -8.7741 -10.8874 27.6645 -8.7741 -10.8874 26.419 -8.7741
-21.074 17.3776 -6.3158 5.2455 41.4356 4.3485 -21.074 17.3776 -34.8132
-1.3766 35.3905 4.1464 -9.1654 28.0259 -9.0574 -10.8874 28.0259 -9.0574
-10.8874 28.0259 -9.0574 -12.8021 28.0259 -9.0574 -9.046 35.3905 4.1464
-9.046 35.3905 4.1464 -17.4123 28.0259 -9.1192 -17.9503 28.0259 -8.5549
-17.4123 28.0259 -9.1192 -9.046 35.3905 4.1464 -12.8021 28.0259 -9.0574
-21.074 17.3776 -34.8132 5.2455 41.4356 4.3485 6.6238 41.4144 3.1408
