-32.1497 -28.7988 -11.0556 -32.1497 -28.7988 -4.8162 -32.1497 -17.5101 -4.8162
-32.5416 -29.3855 -4.2294 -32.1035 -29.6298 -3.9851 -32.1035 -16.6791 -3.9851
-32.5416 -17.3441 -4.6501 -32.5416 -28.9648 -4.6501 -32.5416 -29.3855 -4.2294
-32.1497 -17.5101 -4.8162 -32.1497 -28.7988 -4.8162 -32.5416 -28.9648 -4.6501
-45.1036 -36.235 -0.1808 -34.095 -36.235 0.0771 -34.095 -36.235 -0.1808
-44.849 -30.2401 -0.1437 -33.8404 -30.2401 0.1142 -33.8404 -30.2401 -0.1437
-31.9336 -38.3202 -0.828 -32.3329 -38.2295 -1.0176 -32.3329 -37.9785 -1.0176
-32.3329 -37.9785 -1.0176 -31.9336 -37.8878 -0.828 -31.9336 -38.3202 -0.828
-45.1189 -36.26 0.0818 -34.1103 -30.6313 0.0818 -34.1103 -36.26 0.0818
-32.8359 -30.5125 -0.2457 -32.9868 -30.7067 -0.0955 -33.8971 -30.7067 -0.0955
-32.8359 -30.5125 -0.2457 -33.8971 -30.7067 -0.0955 -34.0481 -30.5125 -0.2457
-34.0481 -30.5125 -0.2457 -33.8971 -30.7067 -0.0955 -33.8971 -30.7067 1.1485
-34.0481 -30.5125 -0.2457 -33.8971 -30.7067 1.1485 -34.0481 -30.5125 1.2987
-34.0481 -30.5125 1.2987 -33.8971 -30.7067 1.1485 -32.9868 -30.7067 1.1485
-34.0481 -30.5125 1.2987 -32.9868 -30.7067 1.1485 -32.8359 -30.5125 1.2987
-32.8359 -30.5125 1.2987 -32.9868 -30.7067 1.1485 -32.9868 -30.7067 -0.0955
-32.8359 -30.5125 1.2987 -32.9868 -30.7067 -0.0955 -32.8359 -30.5125 -0.2457
-32.9868 -38.0846 -0.0955 -32.9868 -30.7067 -0.0955 -32.9868 -30.7067 1.1485
-32.9868 -30.7067 1.1485 -32.9868 -38.0846 1.1485 -32.9868 -38.0846 -0.0955
-32.9868 -38.0846 1.1485 -32.9868 -30.7067 1.1485 -33.8971 -30.7067 1.1485
-33.8971 -30.7067 1.1485 -33.8971 -38.0846 1.1485 -32.9868 -38.0846 1.1485
-33.8971 -38.0846 1.1485 -33.8971 -30.7067 1.1485 -33.8971 -30.7067 -0.0955
-33.8971 -30.7067 -0.0955 -33.8971 -38.0846 -0.0955 -33.8971 -38.0846 1.1485
-33.8971 -38.0846 -0.0955 -33.8971 -30.7067 -0.0955 -32.9868 -30.7067 -0.0955
-32.9868 -30.7067 -0.0955 -32.9868 -38.0846 -0.0955 -33.8971 -38.0846 -0.0955
-34.0481 -29.4897 1.2987 -32.8359 -29.4897 1.2987 -32.8359 -29.4897 -0.2457
-32.8359 -29.4897 -0.2457 -34.0481 -29.4897 -0.2457 -34.0481 -29.4897 1.2987
-32.8359 -30.5125 -0.2457 -32.8359 -29.4897 -0.2457 -32.8359 -29.4897 1.2987
-32.8359 -29.4897 1.2987 -32.8359 -30.5125 1.2987 -32.8359 -30.5125 -0.2457
-32.8359 -30.5125 1.2987 -32.8359 -29.4897 1.2987 -34.0481 -29.4897 1.2987
-34.0481 -29.4897 1.2987 -34.0481 -30.5125 1.2987 -32.8359 -30.5125 1.2987
-34.0481 -30.5125 1.2987 -34.0481 -29.4897 1.2987 -34.0481 -29.4897 -0.2457
-34.0481 -29.4897 -0.2457 -34.0481 -30.5125 -0.2457 -34.0481 -30.5125 1.2987
-34.0481 -30.5125 -0.2457 -34.0481 -29.4897 -0.2457 -32.8359 -29.4897 -0.2457
-32.8359 -29.4897 -0.2457 -32.8359 -30.5125 -0.2457 -34.0481 -30.5125 -0.2457
-32.5416 -29.3855 -4.2294 -32.5416 -29.3855 -11.6423 -32.1032 -29.6298 -11.8866
-32.1035 -29.6298 -3.9851 -32.5416 -29.3855 -4.2294 -32.1032 -29.6298 -11.8866
-32.5416 -28.9648 -4.6501 -32.5416 -28.9648 -11.2216 -32.5416 -29.3855 -11.6423
-32.5416 -29.3855 -4.2294 -32.5416 -28.9648 -4.6501 -32.5416 -29.3855 -11.6423
-32.1497 -28.7988 -11.0556 -32.5416 -28.9648 -11.2216 -32.5416 -28.9648 -4.6501
-32.5416 -28.9648 -4.6501 -32.1497 -28.7988 -4.8162 -32.1497 -28.7988 -11.0556
-45.1036 -36.235 -0.1808 -34.095 -36.235 -0.1808 -34.095 -36.6263 -0.1808
-45.1036 -36.6263 -0.1808 -34.095 -36.6263 -0.1808 -34.095 -36.6263 0.0771
-34.095 -36.6263 0.0771 -34.095 -36.6263 -0.1808 -34.095 -36.235 -0.1808
-34.095 -36.235 0.0771 -34.095 -36.6263 0.0771 -34.095 -36.235 -0.1808
-34.095 -36.6263 0.0771 -34.095 -36.235 0.0771 -45.1036 -36.235 0.0771
-44.849 -30.2401 -0.1437 -33.8404 -30.2401 -0.1437 -33.8404 -30.6313 -0.1437
-44.849 -30.6313 -0.1437 -33.8404 -30.6313 -0.1437 -33.8404 -30.6313 0.1142
-33.8404 -30.6313 0.1142 -33.8404 -30.6313 -0.1437 -33.8404 -30.2401 -0.1437
-33.8404 -30.2401 0.1142 -33.8404 -30.6313 0.1142 -33.8404 -30.2401 -0.1437
-33.8404 -30.6313 0.1142 -33.8404 -30.2401 0.1142 -44.849 -30.2401 0.1142
-31.9336 -38.3202 -0.828 -33.9954 -39.6144 -0.828 -33.9954 -38.3202 -0.828
-31.9336 -39.6144 -0.828 -33.9954 -39.6144 -0.828 -31.9336 -38.3202 -0.828
-31.9336 -37.8878 -0.828 -33.9954 -37.8878 -0.828 -33.9954 -37.8878 1.0024
-33.9954 -37.8878 1.0024 -31.9336 -37.8878 1.0024 -31.9336 -37.8878 -0.828
-31.9336 -37.8878 1.0024 -33.9954 -37.8878 1.0024 -33.9954 -37.8878 15.5537
-33.9954 -38.2295 -1.0176 -33.9954 -37.9785 -1.0176 -32.3329 -37.9785 -1.0176
-32.3329 -37.9785 -1.0176 -32.3329 -38.2295 -1.0176 -33.9954 -38.2295 -1.0176
-31.9336 -37.8878 -0.828 -32.3329 -37.9785 -1.0176 -33.9954 -37.8878 -0.828
-32.3329 -37.9785 -1.0176 -33.9954 -37.9785 -1.0176 -33.9954 -37.8878 -0.828
-32.3329 -38.2295 -1.0176 -31.9336 -38.3202 -0.828 -33.9954 -38.3202 -0.828
-33.9954 -38.3202 -0.828 -33.9954 -38.2295 -1.0176 -32.3329 -38.2295 -1.0176
-31.6757 -38.474 -22.3971 -31.6758 -38.474 -1.4627 -32.1036 -37.9832 -1.4627
-32.1029 -37.9832 -22.6449 -31.6757 -38.474 -22.3971 -32.1036 -37.9832 -1.4627
-32.1039 -17.441 9.0035 -32.1035 -10.7692 -1.4629 -32.1036 -37.9832 -1.4627
-32.1036 -37.9832 -1.4627 -32.1035 -29.6298 -3.9851 -32.1032 -29.6298 -11.8866
-32.1032 -29.6298 -11.8866 -32.1029 -37.9832 -22.6449 -32.1036 -37.9832 -1.4627
-32.1035 -10.7692 -1.4629 -32.1035 -29.6298 -3.9851 -32.1036 -37.9832 -1.4627
-32.1036 -37.9832 -1.4627 -32.1039 -37.2487 9.0035 -32.1039 -17.441 9.0035
