16.5163 -18.3656 -30.2051 16.712 -18.5606 -29.9965 16.712 -36.1252 -29.9965
15.5884 -17.441 -29.978 15.8046 -17.6565 -30.2051 15.8046 -37.0325 -30.2051
27.2304 -17.4312 -29.978 15.8046 -17.6565 -30.2051 15.5884 -17.441 -29.978
23.0715 -10.0246 -29.8647 18.7198 -10.0243 -29.8647 12.3778 -15.3428 -37.5484
11.4303 -15.3708 -29.8647 11.3369 -15.3459 -36.0269 17.0481 -10.3377 -29.8647
12.3778 -15.3428 -37.5484 18.7198 -10.0243 -29.8647 17.0481 -10.3377 -29.8647
17.0481 -10.3377 -29.8647 11.3369 -15.3459 -36.0269 12.3778 -15.3428 -37.5484
26.3026 -18.3426 -30.205 16.5163 -18.3656 -30.2051 15.8046 -17.6565 -30.2051
15.8046 -17.6565 -30.2051 16.5163 -18.3656 -30.2051 16.5163 -36.3209 -30.2051
26.1069 -18.539 -29.9965 16.712 -18.5606 -29.9965 16.5163 -18.3656 -30.2051
12.4138 -15.4064 -38.1201 12.3778 -15.3428 -37.5484 11.3763 -15.4064 -36.5973
11.3369 -15.3459 -36.0269 11.3763 -15.4064 -36.5973 12.3778 -15.3428 -37.5484
11.2052 -16.6519 -36.9761 11.3763 -16.6519 -36.5973 11.2518 -16.6519 -29.8647
11.3763 -16.6519 -36.5973 11.5113 -16.6519 -29.8647 11.2518 -16.6519 -29.8647
11.0342 -15.4064 -37.3548 12.0816 -15.4064 -38.8738 12.2477 -15.4064 -38.4969
12.2477 -15.4064 -38.4969 11.2052 -15.4064 -36.9761 11.0342 -15.4064 -37.3548
11.3763 -16.6519 -36.5973 12.4138 -16.6519 -38.1201 12.4138 -15.4064 -38.1201
11.3763 -16.6519 -36.5973 12.4138 -15.4064 -38.1201 11.3763 -15.4064 -36.5973
30.976 -15.3429 -37.6122 12.3778 -15.3428 -37.5484 12.4138 -15.4064 -38.1201
12.2477 -15.4064 -38.4969 12.0816 -15.4064 -38.8738 31.1051 -15.4064 -38.5623
11.2052 -15.4064 -36.9761 11.2519 -15.4064 -29.8647 10.9924 -15.4064 -29.8647
11.0342 -15.4064 -37.3548 11.2052 -15.4064 -36.9761 10.9924 -15.4064 -29.8647
11.3763 -16.6519 -36.5973 11.2052 -16.6519 -36.9761 12.4138 -16.6519 -38.1201
12.2477 -16.6519 -38.4969 12.4138 -16.6519 -38.1201 11.2052 -16.6519 -36.9761
30.9406 -16.6519 -38.1833 12.4138 -16.6519 -38.1201 12.2477 -16.6519 -38.4969
12.4138 -15.4064 -38.1201 12.4138 -16.6519 -38.1201 30.9406 -15.4064 -38.1833
11.5113 -16.6519 -29.8647 11.3763 -16.6519 -36.5973 11.3763 -15.4064 -36.5973
11.5113 -15.4064 -29.8647 11.5113 -16.6519 -29.8647 11.3763 -15.4064 -36.5973
11.2518 -16.6519 -29.8647 11.2519 -15.4064 -29.8647 11.2052 -15.4064 -36.9761
11.2052 -15.4064 -36.9761 11.2052 -16.6519 -36.9761 11.2518 -16.6519 -29.8647
11.2052 -16.6519 -36.9761 11.2052 -15.4064 -36.9761 12.2477 -15.4064 -38.4969
12.2477 -15.4064 -38.4969 12.2477 -16.6519 -38.4969 11.2052 -16.6519 -36.9761
31.1051 -16.6519 -38.5623 12.2477 -16.6519 -38.4969 12.2477 -15.4064 -38.4969
5.9177 -2.6698 -29.978 15.5884 -2.6698 -29.978 8.2317 -17.4509 -29.978
27.2304 -17.4312 -29.978 15.5884 -17.441 -29.978 15.5884 -2.6698 -29.978
15.5884 -17.441 -29.978 8.2317 -17.4509 -29.978 15.5884 -2.6698 -29.978
15.5884 -17.441 -29.978 8.2317 -31.9474 -29.978 8.2317 -17.4509 -29.978
31.2696 -15.4064 -38.9413 12.0816 -15.4064 -38.8738 12.0816 -15.045 -38.8737
10.9924 -15.045 -29.8647 17.0207 -9.815 -29.8647 11.0342 -15.045 -37.3548
10.9924 -15.4064 -29.8647 10.9924 -15.045 -29.8647 11.0342 -15.045 -37.3548
12.0816 -15.045 -38.8737 18.6919 -9.4997 -29.8647 23.0993 -9.4997 -29.8647
11.0342 -15.045 -37.3548 11.0342 -15.4064 -37.3548 10.9924 -15.4064 -29.8647
12.0816 -15.045 -38.8737 11.0342 -15.045 -37.3548 17.0207 -9.815 -29.8647
12.0816 -15.045 -38.8737 17.0207 -9.815 -29.8647 18.6919 -9.4997 -29.8647
11.0342 -15.4064 -37.3548 11.0342 -15.045 -37.3548 12.0816 -15.045 -38.8737
12.0816 -15.045 -38.8737 12.0816 -15.4064 -38.8738 11.0342 -15.4064 -37.3548
