-13.6192 -48.6898 -27.9764 -13.6238 -48.6898 -22.4179 -13.6238 -38.497 -22.4179
-13.6192 -48.6898 -27.9764 -13.6238 -38.497 -22.4179 -13.6192 -38.497 -27.9764
-12.1876 -48.6898 -29.406 -13.2612 -48.6898 -29.0495 -13.2612 -38.497 -29.0495
-12.1876 -48.6898 -29.406 -13.2612 -38.497 -29.0495 -12.1876 -38.497 -29.406
-13.6192 -38.497 -27.9764 -13.2612 -38.497 -29.0495 -13.2612 -48.6898 -29.0495
-13.2612 -48.6898 -29.0495 -13.6192 -48.6898 -27.9764 -13.6192 -38.497 -27.9764
-13.6238 -48.6898 -22.4179 -31.6519 -48.6898 -22.4179 -31.6519 -38.497 -22.4179
-31.6519 -38.497 -22.4179 -13.6238 -38.497 -22.4179 -13.6238 -48.6898 -22.4179
-13.6217 -38.474 -29.4079 -14.3184 -37.989 -30.0701 15.5874 -38.0011 -29.978
-14.3184 -37.989 -30.0701 -14.3167 -37.9969 -25.344 -14.3185 -17.4509 -30.0702
-14.3169 -11.8008 -25.6094 -14.3167 -37.9969 -25.344 -14.3157 -37.9826 -22.6389
-5.8946 -31.9474 -29.978 -14.3184 -37.989 -30.0701 -14.3185 -17.4509 -30.0702
-31.6757 -38.474 -22.3971 -32.1029 -37.9832 -22.6449 -14.3157 -37.9826 -22.6389
-14.3157 -37.9826 -22.6389 -13.7667 -38.474 -22.4372 -31.6757 -38.474 -22.3971
-14.3157 -37.9826 -22.6389 -14.3167 -37.9969 -25.344 -13.6268 -38.474 -25.3493
-13.6217 -38.474 -29.4079 -13.6268 -38.474 -25.3493 -14.3167 -37.9969 -25.344
-14.3184 -37.989 -30.0701 -13.6217 -38.474 -29.4079 -14.3167 -37.9969 -25.344
-14.6496 -10.7692 -22.6391 -14.3157 -37.9826 -22.6389 -32.1029 -37.9832 -22.6449
-13.6268 -38.474 -25.3493 -13.7667 -38.474 -22.4372 -14.3157 -37.9826 -22.6389
