25.5657 15.2193 39.7525 26.1598 15.2352 45.4271 13.9237 15.2193 39.7525
13.129 15.2352 45.4271 13.9237 15.2193 39.7525 26.1598 15.2352 45.4271
13.129 15.2352 45.4271 26.1598 15.2352 45.4271 26.1598 16.3251 45.4271
13.1282 16.3251 45.427 13.129 15.2352 45.4271 26.1598 16.3251 45.4271
26.5379 16.5684 46.5663 26.5379 17.3776 46.5663 12.627 17.3776 46.5663
12.627 17.3776 46.5663 12.627 16.5684 46.5663 26.5379 16.5684 46.5663
13.1282 16.3251 45.427 26.1598 16.3251 45.4271 26.5379 16.5684 46.5663
26.5379 16.5684 46.5663 12.627 16.5684 46.5663 13.1282 16.3251 45.427
25.5657 -2.6698 39.7525 25.5657 15.2193 39.7525 13.9237 15.2193 39.7525
13.9237 15.2193 39.7525 13.9237 -2.6759 39.7525 25.5657 -2.6698 39.7525
13.9237 -2.6759 39.7525 13.9237 15.2193 39.7525 2.059 10.9724 39.7525
13.9237 -2.6759 39.7525 13.9237 -17.4312 39.7525 25.5657 -2.6698 39.7525
6.5481 41.4252 6.4109 12.627 17.3776 46.5663 26.5379 17.3776 46.5663
