55.6413 -30.3106 -17.1385 55.4141 -30.1157 -16.9436 55.4141 -30.1157 -10.8395
55.4141 -30.1157 -10.8395 55.6413 -30.3106 -10.6446 55.6413 -30.3106 -17.1385
55.6413 -30.3106 -10.6446 55.4141 -30.1157 -10.8395 55.6413 -18.2752 -10.6446
55.4141 -18.4702 -10.8395 55.6413 -18.2752 -10.6446 55.4141 -30.1157 -10.8395
55.4141 -18.4702 -10.8395 55.4141 -18.4702 -16.9436 55.6413 -18.2752 -17.1385
55.6413 -18.2752 -10.6446 55.4141 -18.4702 -10.8395 55.6413 -18.2752 -17.1385
55.4141 -18.4702 -16.9436 55.4141 -30.1157 -16.9436 55.6413 -30.3106 -17.1385
55.6413 -30.3106 -17.1385 55.6413 -18.2752 -17.1385 55.4141 -18.4702 -16.9436
55.6413 -30.3106 -10.6446 55.6413 -18.2752 -10.6446 55.6413 -17.7267 -10.0961
55.6413 -30.8592 -10.0961 55.6413 -30.3106 -10.6446 55.6413 -17.7267 -10.0961
55.6413 -17.7267 -17.6871 55.6413 -18.2752 -17.1385 55.6413 -30.3106 -17.1385
55.6413 -30.3106 -17.1385 55.6413 -30.8592 -17.6871 55.6413 -17.7267 -17.6871
55.6413 -30.8592 -10.0961 55.6413 -17.7267 -10.0961 55.4349 -17.4015 -9.7709
55.4349 -31.1844 -9.7709 55.6413 -30.8592 -10.0961 55.4349 -17.4015 -9.7709
55.6413 -17.7267 -17.6871 55.6413 -30.8592 -17.6871 55.4349 -31.1844 -18.0123
55.4349 -17.4015 -18.0123 55.6413 -17.7267 -17.6871 55.4349 -31.1844 -18.0123
55.4141 -30.1157 -16.9436 55.4141 -18.4702 -16.9436 55.4141 -18.4702 -10.8395
55.4141 -18.4702 -10.8395 55.4141 -30.1157 -10.8395 55.4141 -30.1157 -16.9436
55.6413 -17.7267 -10.0961 55.6413 -17.7267 -17.6871 55.4349 -17.4015 -18.0123
55.4349 -17.4015 -9.7709 55.6413 -17.7267 -10.0961 55.4349 -17.4015 -18.0123
55.6413 -30.8592 -10.0961 55.4349 -31.1844 -9.7709 55.4349 -31.1844 -18.0123
55.4349 -31.1844 -18.0123 55.6413 -30.8592 -17.6871 55.6413 -30.8592 -10.0961
55.6413 -17.7267 -17.6871 55.6413 -17.7267 -10.0961 55.6413 -18.2752 -10.6446
55.6413 -18.2752 -10.6446 55.6413 -18.2752 -17.1385 55.6413 -17.7267 -17.6871
55.6413 -30.3106 -17.1385 55.6413 -30.3106 -10.6446 55.6413 -30.8592 -10.0961
55.6413 -30.8592 -17.6871 55.6413 -30.3106 -17.1385 55.6413 -30.8592 -10.0961
55.4349 -38.0011 -1.7448 54.7732 -38.497 -1.6202 54.7827 -38.497 -29.3158
54.7827 -38.497 -29.3158 55.4446 -38.0011 -29.9763 55.4349 -38.0011 -1.7448
55.4349 -31.1844 -18.0123 55.4349 -31.1844 -9.7709 55.4349 -38.0011 -1.7448
55.4349 -38.0011 -1.7448 55.4446 -38.0011 -29.9763 55.4349 -31.1844 -18.0123
55.439 -17.4312 -29.9747 55.4349 -17.4015 -18.0123 55.4349 -31.1844 -18.0123
55.4349 -2.6698 -18.1067 55.4349 -17.4015 -18.0123 55.439 -17.4312 -29.9747
55.4349 -2.6698 -9.7833 55.4349 -17.4015 -9.7709 55.4349 -17.4015 -18.0123
55.4349 -2.6698 -1.7586 55.4349 -17.4114 -1.7586 55.4349 -17.4015 -9.7709
55.4349 -31.1844 -9.7709 55.4349 -17.4015 -9.7709 55.4349 -17.4114 -1.7586
