-43.5342 -47.5935 31.4232 -34.3946 -47.5935 31.4233 -43.5342 -39.886 31.4232
-43.5342 -39.886 31.4232 -34.3946 -47.5935 31.4233 -34.3946 -39.886 31.4233
-31.9336 -37.8878 15.5537 -33.9954 -37.8878 15.5537 -31.9336 -37.8878 30.1051
-33.9954 -37.8878 15.5537 -33.9954 -37.8878 30.1051 -31.9336 -37.8878 30.1051
-33.9954 -37.8878 30.1051 -43.9335 -37.8878 30.1051 -43.9335 -37.8878 31.9355
-43.9335 -37.8878 31.9355 -33.9954 -37.8878 31.9355 -33.9954 -37.8878 30.1051
-33.9954 -37.8878 30.1051 -33.9954 -37.8878 31.9355 -31.9336 -37.8878 31.9355
-31.9336 -37.8878 30.1051 -33.9954 -37.8878 30.1051 -31.9336 -37.8878 31.9355
-43.9335 -39.6144 31.9355 -43.5342 -39.886 31.4232 -34.3946 -39.886 31.4233
-43.9335 -39.6144 31.9355 -34.3946 -39.886 31.4233 -33.9954 -39.6144 31.9355
-33.9954 -39.6144 31.9355 -34.3946 -39.886 31.4233 -34.3946 -47.5935 31.4233
-33.9954 -39.6144 31.9355 -34.3946 -47.5935 31.4233 -33.9954 -47.8651 31.9355
-31.9336 -38.3202 31.9355 -31.9336 -37.8878 31.9355 -32.3329 -37.9785 32.1251
-32.3329 -37.9785 32.1251 -32.3329 -38.2295 32.1251 -31.9336 -38.3202 31.9355
-33.9954 -38.3202 31.9355 -43.9335 -38.2295 32.1251 -43.9335 -38.3202 31.9355
-33.9954 -38.3202 31.9355 -33.9954 -38.2295 32.1251 -43.9335 -38.2295 32.1251
-32.3329 -38.2295 32.1251 -33.9954 -38.2295 32.1251 -33.9954 -38.3202 31.9355
-33.9954 -38.3202 31.9355 -31.9336 -38.3202 31.9355 -32.3329 -38.2295 32.1251
-45.1036 -36.235 30.9972 -34.095 -36.6263 30.9972 -34.095 -36.235 30.9972
-44.849 -30.2401 30.9601 -33.8404 -30.6313 30.9601 -33.8404 -30.2401 30.9601
-32.9868 -38.0846 30.912 -32.9868 -38.0846 29.6679 -32.9868 -30.7067 29.6679
-32.9868 -38.0846 30.912 -32.9868 -30.7067 29.6679 -32.9868 -30.7067 30.912
-32.9868 -38.0846 29.6679 -33.8971 -38.0846 29.6679 -33.8971 -30.7067 29.6679
-32.9868 -38.0846 29.6679 -33.8971 -30.7067 29.6679 -32.9868 -30.7067 29.6679
-33.8971 -38.0846 29.6679 -33.8971 -38.0846 30.912 -33.8971 -30.7067 30.912
-33.8971 -38.0846 29.6679 -33.8971 -30.7067 30.912 -33.8971 -30.7067 29.6679
-33.8971 -38.0846 30.912 -32.9868 -38.0846 30.912 -32.9868 -30.7067 30.912
-33.8971 -38.0846 30.912 -32.9868 -30.7067 30.912 -33.8971 -30.7067 30.912
-33.9954 -37.8878 31.9355 -32.3329 -37.9785 32.1251 -31.9336 -37.8878 31.9355
-33.9954 -37.8878 31.9355 -33.9954 -37.9785 32.1251 -32.3329 -37.9785 32.1251
-43.9335 -37.9785 32.1251 -33.9954 -37.9785 32.1251 -33.9954 -37.8878 31.9355
-33.9954 -37.8878 31.9355 -43.9335 -37.8878 31.9355 -43.9335 -37.9785 32.1251
-43.9335 -38.3202 31.9355 -43.9335 -39.6144 31.9355 -33.9954 -38.3202 31.9355
-43.9335 -39.6144 31.9355 -33.9954 -39.6144 31.9355 -33.9954 -38.3202 31.9355
-33.9954 -39.6144 31.9355 -31.9336 -38.3202 31.9355 -33.9954 -38.3202 31.9355
-33.9954 -39.6144 31.9355 -31.9336 -39.6144 31.9355 -31.9336 -38.3202 31.9355
-31.9336 -39.6144 31.9355 -33.9954 -39.6144 31.9355 -31.9336 -47.8651 31.9355
-33.9954 -47.8651 31.9355 -31.9336 -47.8651 31.9355 -33.9954 -39.6144 31.9355
-33.9954 -47.8651 31.9355 -31.9336 -48.5669 31.9355 -31.9336 -47.8651 31.9355
-31.9336 -48.5669 31.9355 -33.9954 -47.8651 31.9355 -33.9954 -48.5669 31.9355
-43.9335 -48.5669 31.9355 -33.9954 -48.5669 31.9355 -33.9954 -47.8651 31.9355
-33.9954 -47.8651 31.9355 -43.9335 -47.8651 31.9355 -43.9335 -48.5669 31.9355
-31.6519 -38.497 32.1505 -31.6519 -48.6898 32.1505 -13.6261 -48.6898 32.1505
-43.9335 -47.8651 31.9355 -33.9954 -47.8651 31.9355 -34.3946 -47.5935 31.4233
-34.3946 -47.5935 31.4233 -43.5342 -47.5935 31.4232 -43.9335 -47.8651 31.9355
-33.9954 -38.2295 32.1251 -32.3329 -38.2295 32.1251 -32.3329 -37.9785 32.1251
-33.9954 -37.9785 32.1251 -33.9954 -38.2295 32.1251 -32.3329 -37.9785 32.1251
-43.9335 -38.2295 32.1251 -33.9954 -38.2295 32.1251 -33.9954 -37.9785 32.1251
-43.9335 -37.9785 32.1251 -43.9335 -38.2295 32.1251 -33.9954 -37.9785 32.1251
-34.095 -36.6263 30.7394 -34.095 -36.6263 30.9972 -45.1036 -36.6263 30.9972
-34.095 -36.6263 30.7394 -34.095 -36.235 30.7394 -34.095 -36.235 30.9972
-34.095 -36.235 30.9972 -34.095 -36.6263 30.9972 -34.095 -36.6263 30.7394
-34.095 -36.235 30.9972 -34.095 -36.235 30.7394 -45.1036 -36.235 30.9972
-45.1036 -36.235 30.7394 -34.095 -36.235 30.7394 -34.095 -36.6263 30.7394
-33.8404 -30.6313 30.7023 -33.8404 -30.6313 30.9601 -44.849 -30.6313 30.9601
-33.8404 -30.6313 30.7023 -33.8404 -30.2401 30.7023 -33.8404 -30.2401 30.9601
-33.8404 -30.2401 30.9601 -33.8404 -30.6313 30.9601 -33.8404 -30.6313 30.7023
-33.8404 -30.2401 30.9601 -33.8404 -30.2401 30.7023 -44.849 -30.2401 30.9601
-44.849 -30.2401 30.7023 -33.8404 -30.2401 30.7023 -33.8404 -30.6313 30.7023
-34.0481 -29.4897 29.5177 -34.0481 -29.4897 31.0622 -32.8359 -29.4897 31.0622
-32.8359 -29.4897 29.5177 -34.0481 -29.4897 29.5177 -32.8359 -29.4897 31.0622
-32.8359 -30.5125 31.0622 -32.8359 -30.5125 29.5177 -32.8359 -29.4897 29.5177
-32.8359 -29.4897 31.0622 -32.8359 -30.5125 31.0622 -32.8359 -29.4897 29.5177
-32.8359 -30.5125 29.5177 -34.0481 -30.5125 29.5177 -34.0481 -29.4897 29.5177
-32.8359 -29.4897 29.5177 -32.8359 -30.5125 29.5177 -34.0481 -29.4897 29.5177
-34.0481 -30.5125 29.5177 -34.0481 -30.5125 31.0622 -34.0481 -29.4897 31.0622
-34.0481 -29.4897 29.5177 -34.0481 -30.5125 29.5177 -34.0481 -29.4897 31.0622
-34.0481 -30.5125 31.0622 -32.8359 -30.5125 31.0622 -32.8359 -29.4897 31.0622
-34.0481 -29.4897 31.0622 -34.0481 -30.5125 31.0622 -32.8359 -29.4897 31.0622
-32.9868 -30.7067 30.912 -32.9868 -30.7067 29.6679 -32.8359 -30.5125 29.5177
-32.8359 -30.5125 31.0622 -32.9868 -30.7067 30.912 -32.8359 -30.5125 29.5177
-32.9868 -30.7067 29.6679 -33.8971 -30.7067 29.6679 -34.0481 -30.5125 29.5177
-32.8359 -30.5125 29.5177 -32.9868 -30.7067 29.6679 -34.0481 -30.5125 29.5177
-33.8971 -30.7067 29.6679 -33.8971 -30.7067 30.912 -34.0481 -30.5125 31.0622
-34.0481 -30.5125 29.5177 -33.8971 -30.7067 29.6679 -34.0481 -30.5125 31.0622
-33.8971 -30.7067 30.912 -32.9868 -30.7067 30.912 -32.8359 -30.5125 31.0622
-34.0481 -30.5125 31.0622 -33.8971 -30.7067 30.912 -32.8359 -30.5125 31.0622
-45.1189 -36.26 30.7346 -34.1103 -36.26 30.7346 -34.1103 -30.6313 30.7346
-32.1046 -10.7692 32.6325 -32.1046 -37.9804 32.6324 -14.2959 -37.8423 32.6399
-31.6573 -38.4768 32.197 -32.1046 -37.9804 32.6324 -32.1036 -37.9832 -1.4627
-14.2959 -37.8423 32.6399 -32.1046 -37.9804 32.6324 -31.6573 -38.4768 32.197
-32.1042 -17.4114 20.6456 -32.1043 -37.2487 20.6456 -32.1046 -37.9804 32.6324
