60.1825 16.5684 -36.75 58.3618 16.3251 -35.6764 28.5271 16.5684 -36.7537
28.0229 16.3251 -35.6764 28.5271 16.5684 -36.7537 58.3618 16.3251 -35.6764
55.439 15.2193 -29.9747 27.2304 15.2193 -29.978 28.0229 15.2352 -35.6764
58.2093 15.2352 -35.6764 55.439 15.2193 -29.9747 28.0229 15.2352 -35.6764
39.7957 -1.9693 -30.2346 39.7956 10.2719 -30.2346 39.9705 10.0971 -29.8217
46.5431 10.0971 -29.8217 46.7179 10.2719 -30.2345 46.7179 -1.9693 -30.2345
39.9705 10.0971 -29.8217 39.7956 10.2719 -30.2346 46.7179 10.2719 -30.2345
46.7179 10.2719 -30.2345 46.5431 10.0971 -29.8217 39.9705 10.0971 -29.8217
39.3525 10.7151 -30.2346 39.7956 10.2719 -30.2346 39.3525 -2.4124 -30.2346
46.7179 -1.9693 -30.2345 46.7179 10.2719 -30.2345 47.1611 10.7151 -30.2345
39.0951 10.9725 -29.978 39.3525 10.7151 -30.2346 39.0951 -2.6698 -29.978
47.1611 10.7151 -30.2345 47.4185 10.9725 -29.978 47.4185 -2.6698 -29.978
46.5431 -1.7944 -29.8217 39.9705 10.0971 -29.8217 46.5431 10.0971 -29.8217
47.1611 10.7151 -30.2345 39.3525 10.7151 -30.2346 39.0951 10.9725 -29.978
47.4185 10.9725 -29.978 47.1611 10.7151 -30.2345 39.0951 10.9725 -29.978
39.3525 10.7151 -30.2346 47.1611 10.7151 -30.2345 46.7179 10.2719 -30.2345
46.7179 10.2719 -30.2345 39.7956 10.2719 -30.2346 39.3525 10.7151 -30.2346
58.2093 15.2352 -35.6764 28.0229 15.2352 -35.6764 28.0229 16.3251 -35.6764
58.3618 16.3251 -35.6764 58.2093 15.2352 -35.6764 28.0229 16.3251 -35.6764
28.5271 16.5684 -36.7537 28.5271 17.3776 -36.7537 60.1825 17.3776 -36.75
60.1825 17.3776 -36.75 60.1825 16.5684 -36.75 28.5271 16.5684 -36.7537
55.439 -2.6759 -29.9747 47.4185 10.9725 -29.978 55.439 15.2193 -29.9747
55.439 15.2193 -29.9747 47.4185 10.9725 -29.978 39.0951 10.9725 -29.978
55.439 15.2193 -29.9747 39.0951 10.9725 -29.978 27.2304 15.2193 -29.978
27.2304 -2.6759 -29.978 27.2304 15.2193 -29.978 39.0951 10.9725 -29.978
28.5271 17.3776 -36.7537 36.8604 41.4205 3.1491 60.1825 17.3776 -36.75
