-9.046 35.1798 4.923 -9.046 35.18 5.7792 -16.5574 27.7281 17.284
-16.5574 27.7281 17.284 -16.6212 27.728 -8.2334 -9.046 35.1798 4.923
-16.6212 27.728 -8.2334 -9.046 34.8675 4.1763 -9.046 35.1798 4.923
-16.5574 27.7281 17.284 -9.046 35.18 5.7792 -9.046 34.8666 6.6159
-1.3766 34.8675 4.1763 -9.046 34.8675 4.1763 -10.8874 27.7016 -8.5783
-1.3766 35.1797 4.923 -1.3766 35.18 5.7792 -9.046 35.18 5.7792
-1.3766 35.1797 4.923 -9.046 35.18 5.7792 -9.046 35.1798 4.923
-1.3766 34.8675 4.1763 -1.3766 35.1797 4.923 -9.046 35.1798 4.923
-1.3766 34.8675 4.1763 -9.046 35.1798 4.923 -9.046 34.8675 4.1763
-9.046 34.8666 6.6159 -1.3766 34.8666 6.6159 -10.8874 27.7001 17.7417
-1.3766 34.8666 6.6159 -9.1654 27.7001 17.7417 -10.8874 27.7001 17.7417
-1.3766 34.8666 6.6159 -9.046 34.8666 6.6159 -9.046 35.18 5.7792
-9.046 35.18 5.7792 -1.3766 35.18 5.7792 -1.3766 34.8666 6.6159
-1.3766 35.3893 6.646 -9.046 35.3893 6.646 -10.8874 28.0259 18.2213
-10.8874 28.0259 18.2213 -9.1654 28.0259 18.2213 -1.3766 35.3893 6.646
-1.3766 35.3905 4.1464 -9.046 35.3905 4.1464 -9.046 35.7046 4.8925
-9.046 35.7046 4.8925 -1.3766 35.7046 4.8925 -1.3766 35.3905 4.1464
-1.3766 35.7046 5.8099 -9.046 35.7046 5.8099 -9.046 35.3893 6.646
-9.046 35.3893 6.646 -1.3766 35.3893 6.646 -1.3766 35.7046 5.8099
-1.3766 35.7046 4.8925 -9.046 35.7046 4.8925 -9.046 35.7046 5.8099
-9.046 35.7046 5.8099 -1.3766 35.7046 5.8099 -1.3766 35.7046 4.8925
-9.046 35.3905 4.1464 -1.3766 35.3905 4.1464 -10.8874 28.0259 -9.0574
-17.8828 28.0259 17.6084 -9.046 35.3893 6.646 -9.046 35.7046 5.8099
-17.9503 28.0259 -8.5549 -9.046 35.7046 4.8925 -9.046 35.3905 4.1464
-17.8828 28.0259 17.6084 -9.046 35.7046 5.8099 -9.046 35.7046 4.8925
-9.046 35.7046 4.8925 -17.9503 28.0259 -8.5549 -17.8828 28.0259 17.6084
-21.074 17.3776 -6.3158 5.2525 41.4407 5.2465 5.2455 41.4356 4.3485
5.2455 41.4356 4.3485 5.2525 41.4407 5.2465 6.5481 41.4252 6.4109
6.5481 41.4252 6.4109 6.6238 41.4144 3.1408 5.2455 41.4356 4.3485
6.5481 41.4252 6.4109 5.2525 41.4407 5.2465 -21.0787 17.3776 44.4015
