-13.6284 -48.6898 37.5659 -13.2707 -48.6898 38.64 -13.2707 -38.497 38.64
-13.6284 -48.6898 37.5659 -13.2707 -38.497 38.64 -13.6284 -38.497 37.5659
-13.2707 -48.6898 38.64 -12.1971 -48.6898 38.9993 -12.1971 -38.497 38.9993
-13.2707 -48.6898 38.64 -12.1971 -38.497 38.9993 -13.2707 -38.497 38.64
-13.6261 -48.6898 32.1505 -13.6284 -48.6898 37.5659 -13.6284 -38.497 37.5659
-13.6261 -48.6898 32.1505 -13.6284 -38.497 37.5659 -13.6261 -38.497 32.1505
-12.1971 -38.497 38.9993 -12.1971 -48.6898 38.9993 53.3417 -48.6898 39.0874
-13.6261 -48.6898 32.1505 -13.6261 -38.497 32.1505 -31.6519 -38.497 32.1505
-14.2934 -37.9492 39.6588 -13.6808 -38.5259 38.9973 13.9306 -38.0011 39.7525
-14.2934 -17.4312 39.657 -14.2934 -37.9492 39.6588 -6.2768 -31.1844 39.7525
-14.2934 -37.9492 39.6588 13.9306 -38.0011 39.7525 1.9646 -31.1844 39.7525
1.9646 -31.1844 39.7525 -6.2768 -31.1844 39.7525 -14.2934 -37.9492 39.6588
-31.6573 -38.4768 32.197 -13.7798 -38.5138 32.185 -14.2959 -37.8423 32.6399
-13.6808 -38.5259 38.9973 -14.2934 -37.9492 39.6588 -14.2959 -37.8423 32.6399
-14.2959 -37.8423 32.6399 -13.7798 -38.5138 32.185 -13.6808 -38.5259 38.9973
-14.2959 -37.8423 32.6399 -14.2934 -37.9492 39.6588 -14.2949 -11.8008 35.5113
-13.6808 -38.5259 38.9973 14.0568 -38.497 39.0894 13.9306 -38.0011 39.7525
