28.5271 16.5684 -36.7537 28.0229 16.3251 -35.6764 14.6162 16.5684 -36.7537
14.9971 16.3251 -35.6764 14.6162 16.5684 -36.7537 28.0229 16.3251 -35.6764
14.6162 16.5684 -36.7537 14.9971 16.3251 -35.6764 -17.1996 16.325 -35.6771
14.9963 15.2352 -35.6764 15.5884 15.2193 -29.978 -14.3186 15.2193 -30.0702
27.2304 15.2193 -29.978 15.5884 15.2193 -29.978 14.9963 15.2352 -35.6764
14.9963 15.2352 -35.6764 28.0229 15.2352 -35.6764 27.2304 15.2193 -29.978
14.9971 16.3251 -35.6764 14.9963 15.2352 -35.6764 -17.0466 15.2353 -35.6757
28.0229 15.2352 -35.6764 14.9963 15.2352 -35.6764 14.9971 16.3251 -35.6764
28.0229 16.3251 -35.6764 28.0229 15.2352 -35.6764 14.9971 16.3251 -35.6764
28.5271 16.5684 -36.7537 14.6162 16.5684 -36.7537 14.6162 17.3776 -36.7537
14.6162 17.3776 -36.7537 28.5271 17.3776 -36.7537 28.5271 16.5684 -36.7537
14.6162 17.3776 -36.7537 14.6162 16.5684 -36.7537 -19.0233 16.5684 -36.8575
15.5884 15.2193 -29.978 5.9177 10.9724 -29.978 -2.4057 10.9724 -29.978
15.5884 -2.6698 -29.978 15.5884 15.2193 -29.978 27.2304 15.2193 -29.978
5.9177 10.9724 -29.978 15.5884 15.2193 -29.978 15.5884 -2.6698 -29.978
27.2304 15.2193 -29.978 27.2304 -2.6759 -29.978 15.5884 -2.6698 -29.978
14.6162 17.3776 -36.7537 6.6238 41.4144 3.1408 28.5271 17.3776 -36.7537
