55.4534 -18.539 -0.6351 55.4534 -36.1252 -0.6351 55.6619 -36.3209 -0.8307
55.6619 -18.3426 -0.8307 55.4534 -18.539 -0.6351 55.6619 -36.3209 -0.8307
55.4534 -36.1252 8.7599 55.4534 -18.5606 8.7599 55.6619 -18.3656 8.9556
55.6619 -36.3209 8.9556 55.4534 -36.1252 8.7599 55.6619 -18.3656 8.9556
55.6619 -17.6565 9.6672 55.6619 -18.3656 8.9556 55.6619 -18.3426 -0.8307
55.6619 -36.3209 8.9556 55.6619 -18.3656 8.9556 55.6619 -17.6565 9.6672
55.6619 -37.0325 9.6672 55.6619 -36.3209 8.9556 55.6619 -17.6565 9.6672
55.6619 -36.3209 -0.8307 55.6619 -36.3209 8.9556 55.6619 -37.0325 9.6672
55.6619 -37.0325 -1.5424 55.6619 -36.3209 -0.8307 55.6619 -37.0325 9.6672
55.6619 -18.3426 -0.8307 55.6619 -36.3209 -0.8307 55.6619 -37.0325 -1.5424
55.6619 -17.6284 -1.5424 55.6619 -18.3426 -0.8307 55.6619 -37.0325 -1.5424
55.6619 -18.3426 -0.8307 55.6619 -17.6284 -1.5424 55.6619 -17.6565 9.6672
54.7734 -48.6898 37.6579 54.7825 -48.6898 -27.8844 54.7825 -38.497 -27.8844
54.7734 -38.497 37.6579 54.7734 -48.6898 37.6579 54.7825 -38.497 -27.8844
55.4534 -36.1252 -0.6351 55.4534 -18.539 -0.6351 55.4534 -18.5606 8.7599
55.4534 -18.5606 8.7599 55.4534 -36.1252 8.7599 55.4534 -36.1252 -0.6351
55.6619 -17.6565 9.6672 55.6619 -17.6284 -1.5424 55.4349 -17.4114 -1.7586
55.4349 -17.4411 9.8835 55.6619 -17.6565 9.6672 55.4349 -17.4114 -1.7586
55.6619 -37.0325 9.6672 55.6619 -17.6565 9.6672 55.4349 -17.4411 9.8835
55.4349 -37.2487 9.8835 55.6619 -37.0325 9.6672 55.4349 -17.4411 9.8835
55.6619 -37.0325 -1.5424 55.6619 -37.0325 9.6672 55.4349 -37.2487 9.8835
55.4349 -37.2487 -1.7586 55.6619 -37.0325 -1.5424 55.4349 -37.2487 9.8835
55.6619 -17.6284 -1.5424 55.6619 -37.0325 -1.5424 55.4349 -37.2487 -1.7586
55.4349 -17.4114 -1.7586 55.6619 -17.6284 -1.5424 55.4349 -37.2487 -1.7586
55.4534 -18.5606 8.7599 55.4534 -18.539 -0.6351 55.6619 -18.3426 -0.8307
55.6619 -18.3656 8.9556 55.4534 -18.5606 8.7599 55.6619 -18.3426 -0.8307
55.6619 -36.3209 8.9556 55.6619 -36.3209 -0.8307 55.4534 -36.1252 -0.6351
55.4534 -36.1252 -0.6351 55.4534 -36.1252 8.7599 55.6619 -36.3209 8.9556
55.4349 -38.0011 9.8844 54.7732 -38.497 9.7882 54.7732 -38.497 -1.6202
54.7732 -38.497 -1.6202 55.4349 -38.0011 -1.7448 55.4349 -38.0011 9.8844
55.4349 -17.4114 -1.7586 55.4349 -37.2487 -1.7586 55.4349 -31.1844 -9.7709
55.4349 -38.0011 -1.7448 55.4349 -31.1844 -9.7709 55.4349 -37.2487 -1.7586
55.4349 -38.0011 -1.7448 55.4349 -37.2487 -1.7586 55.4349 -37.2487 9.8835
55.4349 -37.2487 9.8835 55.4349 -38.0011 9.8844 55.4349 -38.0011 -1.7448
55.4349 -38.0011 9.8844 55.4349 -37.2487 9.8835 55.4349 -31.9474 14.5405
55.4349 -17.4411 9.8835 55.4349 -31.9474 14.5405 55.4349 -37.2487 9.8835
55.4349 -2.6698 9.8835 55.4349 -17.4411 9.8835 55.4349 -17.4114 -1.7586
