-17.1996 16.325 -35.6771 -19.0233 16.5684 -36.8575 14.6162 16.5684 -36.7537
-21.074 16.5684 -34.8132 -19.0233 16.5684 -36.8575 -17.1996 16.325 -35.6771
-19.9676 16.3252 -32.992 -21.074 16.5684 -34.8132 -17.1996 16.325 -35.6771
-21.074 16.5684 -34.8132 -19.9676 16.3252 -32.992 -21.074 16.5684 -6.3158
-19.969 15.2351 -32.8407 -17.0466 15.2353 -35.6757 -14.3186 15.2193 -30.0702
-19.9676 16.3252 -32.992 -19.969 15.2351 -32.8407 -19.9683 16.3251 -5.6104
-19.969 15.2351 -32.8407 -14.3186 15.2193 -30.0702 -19.9683 15.2352 -5.6104
-14.3186 15.2193 -30.0702 -17.0466 15.2353 -35.6757 14.9963 15.2352 -35.6764
-17.0466 15.2353 -35.6757 -17.1996 16.325 -35.6771 14.9971 16.3251 -35.6764
-19.969 15.2351 -32.8407 -19.9676 16.3252 -32.992 -17.1996 16.325 -35.6771
-17.1996 16.325 -35.6771 -17.0466 15.2353 -35.6757 -19.969 15.2351 -32.8407
-19.0233 16.5684 -36.8575 -19.0233 17.3776 -36.8575 14.6162 17.3776 -36.7537
-21.074 17.3776 -34.8132 -21.074 16.5684 -34.8132 -21.074 16.5684 -6.3158
-21.074 16.5684 -34.8132 -21.074 17.3776 -34.8132 -19.0233 17.3776 -36.8575
-19.0233 17.3776 -36.8575 -19.0233 16.5684 -36.8575 -21.074 16.5684 -34.8132
-14.3143 10.9725 -18.2873 -14.3186 15.2193 -30.0702 -14.3185 -2.6925 -30.0702
-14.3185 -2.6925 -30.0702 -14.3186 15.2193 -30.0702 -2.4057 10.9724 -29.978
-19.0233 17.3776 -36.8575 6.6238 41.4144 3.1408 14.6162 17.3776 -36.7537
6.6238 41.4144 3.1408 -19.0233 17.3776 -36.8575 -21.074 17.3776 -34.8132
