50.7378 35.1797 4.6208 50.7378 34.8675 5.3675 43.0684 34.8675 5.3675
50.7378 35.1797 4.6208 43.0684 34.8675 5.3675 43.0684 35.1797 4.6208
50.7378 34.8666 2.9278 43.0684 34.8666 2.9278 52.5792 27.7001 -8.198
50.7378 35.18 3.7645 50.7378 35.1797 4.6208 43.0684 35.1797 4.6208
50.7378 35.18 3.7645 43.0684 35.1797 4.6208 43.0684 35.18 3.7645
43.0684 34.8675 5.3675 50.7378 34.8675 5.3675 52.5792 27.7016 18.1221
58.2493 27.7281 -7.7403 50.7378 35.18 3.7645 50.7378 34.8666 2.9278
58.3131 27.7279 17.7772 50.7378 34.8675 5.3675 50.7378 35.1797 4.6208
50.7378 35.1797 4.6208 50.7378 35.18 3.7645 58.2493 27.7281 -7.7403
50.7378 35.18 3.7645 43.0684 35.18 3.7645 43.0684 34.8666 2.9278
43.0684 34.8666 2.9278 50.7378 34.8666 2.9278 50.7378 35.18 3.7645
43.0685 35.3893 2.8978 50.7378 35.3893 2.8978 52.5792 28.0259 -8.6775
36.7826 41.4191 6.4192 38.1872 41.4169 5.0181 36.8604 41.4205 3.1491
38.18 41.4222 4.4722 38.1872 41.4169 5.0181 62.2281 17.3776 10.8762
59.5746 28.0259 -8.0647 50.7378 35.7046 3.7339 50.7378 35.7046 4.6512
59.6421 28.0259 18.0986 50.7378 35.7046 4.6512 50.7378 35.3905 5.3973
59.5746 28.0259 -8.0647 50.7378 35.3893 2.8978 50.7378 35.7046 3.7339
50.7378 35.3905 5.3973 43.0685 35.3905 5.3973 52.5792 28.0259 18.6011
43.0685 35.7046 4.6512 50.7378 35.7046 4.6512 50.7378 35.7046 3.7339
50.7378 35.7046 3.7339 43.0685 35.7046 3.7339 43.0685 35.7046 4.6512
43.0685 35.7046 3.7339 50.7378 35.7046 3.7339 50.7378 35.3893 2.8978
50.7378 35.3893 2.8978 43.0685 35.3893 2.8978 43.0685 35.7046 3.7339
43.0685 35.7046 4.6512 50.7378 35.3905 5.3973 50.7378 35.7046 4.6512
43.0685 35.7046 4.6512 43.0685 35.3905 5.3973 50.7378 35.3905 5.3973
26.5379 17.3776 46.5663 36.7826 41.4191 6.4192 6.5481 41.4252 6.4109
38.1872 41.4169 5.0181 38.18 41.4222 4.4722 36.8604 41.4205 3.1491
