10.9887 -45.7904 -46.254 31.0563 -45.7904 -42.8612 31.0563 -45.7904 -46.254
31.2854 -42.2243 -39.7804 31.2852 -41.9589 -39.7807 31.38 -41.9589 -36.1113
31.38 -41.9589 -36.1113 31.38 -42.2329 -36.1075 31.2854 -42.2243 -39.7804
31.2852 -46.1158 -46.5663 31.2852 -45.8221 -46.5663 31.38 -45.8221 -42.897
31.38 -45.8221 -42.897 31.38 -46.1158 -42.8939 31.2852 -46.1158 -46.5663
10.9887 -43.8588 -39.4685 31.0563 -42.2559 -39.4685 31.0563 -43.8588 -39.4685
10.9887 -45.7904 -42.8612 31.0563 -44.1875 -42.8612 31.0563 -45.7904 -42.8612
31.38 -42.2329 -36.1075 31.0563 -42.2559 -39.4685 31.2854 -42.2243 -39.7804
31.0563 -42.2559 -39.4685 31.38 -42.2329 -36.1075 31.0563 -42.2647 -36.071
31.0563 -41.9272 -39.4685 31.0563 -41.9272 -36.0756 31.38 -41.9589 -36.1113
31.38 -41.9589 -36.1113 31.2852 -41.9589 -39.7807 31.0563 -41.9272 -39.4685
31.38 -44.1533 -39.5044 31.0563 -44.1875 -42.8612 31.2852 -44.1559 -43.1736
31.0563 -44.1875 -42.8612 31.38 -44.1533 -39.5044 31.0563 -44.185 -39.4683
31.0563 -43.8588 -39.4685 31.0563 -44.185 -39.4683 31.38 -43.8905 -39.5045
31.0563 -44.185 -39.4683 31.38 -44.1533 -39.5044 31.38 -43.8905 -39.5045
31.0563 -43.8588 -42.8612 31.0563 -43.8588 -39.4685 31.38 -43.8905 -39.5045
31.38 -43.8905 -39.5045 31.2852 -43.8905 -43.1736 31.0563 -43.8588 -42.8612
31.38 -46.1158 -42.8939 31.0563 -46.1475 -46.254 31.2852 -46.1158 -46.5663
31.0563 -46.1475 -46.254 31.38 -46.1158 -42.8939 31.0563 -46.1475 -42.8575
31.0563 -45.7904 -42.8612 31.0563 -46.1475 -42.8575 31.38 -45.8221 -42.897
31.0563 -46.1475 -42.8575 31.38 -46.1158 -42.8939 31.38 -45.8221 -42.897
31.0563 -45.7904 -46.254 31.0563 -45.7904 -42.8612 31.38 -45.8221 -42.897
31.38 -45.8221 -42.897 31.2852 -45.8221 -46.5663 31.0563 -45.7904 -46.254
10.7598 -45.8221 -46.5663 10.9887 -45.7904 -46.254 31.0563 -45.7904 -46.254
10.7598 -45.8221 -46.5663 31.0563 -45.7904 -46.254 31.2852 -45.8221 -46.5663
31.2854 -42.2243 -39.7804 31.0563 -42.2559 -39.4685 10.9887 -42.2559 -39.4685
31.2852 -41.9589 -39.7807 31.2854 -42.2243 -39.7804 10.7598 -41.9589 -39.7807
10.9887 -41.9272 -36.0756 31.0563 -41.9272 -36.0756 31.0563 -41.9272 -39.4685
10.9887 -41.9272 -39.4685 31.0563 -41.9272 -39.4685 31.2852 -41.9589 -39.7807
31.0563 -43.8588 -42.8612 31.2852 -43.8905 -43.1736 10.7598 -43.8905 -43.1736
31.2852 -43.8905 -43.1736 31.2852 -44.1559 -43.1736 10.7599 -44.1559 -43.1736
31.38 -44.1533 -39.5044 31.2852 -44.1559 -43.1736 31.2852 -43.8905 -43.1736
31.2852 -43.8905 -43.1736 31.38 -43.8905 -39.5045 31.38 -44.1533 -39.5044
31.0563 -47.722 -46.254 31.0563 -46.1475 -46.254 31.0563 -46.1475 -42.8575
31.0563 -47.722 -29.29 31.0563 -47.722 -46.254 31.0563 -46.1475 -42.8575
31.0563 -44.185 -39.4683 31.0563 -47.722 -29.29 31.0563 -46.1475 -42.8575
31.0563 -44.185 -39.4683 31.0563 -43.8588 -39.4685 31.0563 -42.2647 -36.071
31.0563 -42.2559 -39.4685 31.0563 -42.2647 -36.071 31.0563 -43.8588 -39.4685
31.0563 -46.1475 -42.8575 31.0563 -45.7904 -42.8612 31.0563 -44.185 -39.4683
31.0563 -44.1875 -42.8612 31.0563 -44.185 -39.4683 31.0563 -45.7904 -42.8612
10.9887 -43.8588 -39.4685 31.0563 -43.8588 -39.4685 31.0563 -43.8588 -42.8612
10.7598 -46.1158 -46.5663 10.7598 -45.8221 -46.5663 31.2852 -45.8221 -46.5663
31.2852 -45.8221 -46.5663 31.2852 -46.1158 -46.5663 10.7598 -46.1158 -46.5663
10.9887 -47.722 -46.254 10.9887 -46.1475 -46.254 31.0563 -46.1475 -46.254
31.0563 -46.1475 -46.254 31.0563 -47.722 -46.254 10.9887 -47.722 -46.254
10.7599 -44.1559 -43.1736 31.2852 -44.1559 -43.1736 31.0563 -44.1875 -42.8612
31.0563 -46.1475 -46.254 10.9887 -46.1475 -46.254 10.7598 -46.1158 -46.5663
10.7598 -46.1158 -46.5663 31.2852 -46.1158 -46.5663 31.0563 -46.1475 -46.254
