61.1224 15.2352 10.4912 61.1224 15.2352 -2.5373 61.1224 16.3251 -2.5373
61.1224 16.3251 10.4912 61.1224 15.2352 10.4912 61.1224 16.3251 -2.5373
61.1224 15.2352 10.4912 55.4349 15.2193 9.8835 55.4349 15.2193 -1.7586
55.4349 15.2193 -1.7586 61.1224 15.2352 -2.5373 61.1224 15.2352 10.4912
58.2493 27.7281 -7.7403 58.3131 27.7279 17.7772 50.7378 35.1797 4.6208
57.7939 22.4397 2.4063 57.7939 25.3124 2.4063 57.7939 25.3124 8.0286
57.7939 25.3124 8.0286 57.7939 22.4397 8.0286 57.7939 22.4397 2.4063
57.7939 25.3124 0.4047 57.7939 22.4397 0.4047 57.7939 25.3124 -5.2177
58.1535 25.3458 0.4985 58.1535 26.7665 1.4055 58.1536 20.9856 1.4055
58.1536 20.9856 1.4055 58.1535 22.4063 0.4985 58.1535 25.3458 0.4985
58.1535 22.4063 0.4985 58.1536 20.9856 1.4055 58.1536 20.9856 -6.2185
58.1535 20.9856 9.0294 58.1535 22.4063 8.1224 58.1535 25.3458 8.1224
58.1535 25.3458 9.9364 58.1535 22.4063 9.9364 58.1535 20.9856 9.0294
58.1535 26.7665 9.0294 58.1535 25.3458 9.9364 58.1535 20.9856 9.0294
58.1535 25.3458 8.1224 58.1535 26.7665 9.0294 58.1535 20.9856 9.0294
58.1535 26.7665 9.0294 58.1535 25.3458 8.1224 58.1535 26.7665 1.4055
58.1535 25.3458 8.1224 58.1536 25.3458 2.3125 58.1535 26.7665 1.4055
58.1535 26.7665 1.4055 58.1536 25.3458 2.3125 58.1536 20.9856 1.4055
58.1536 25.3458 2.3125 58.1536 22.4063 2.3125 58.1536 20.9856 1.4055
58.1536 20.9856 1.4055 58.1536 22.4063 2.3125 58.1535 20.9856 9.0294
58.1536 22.4063 2.3125 58.1535 22.4063 8.1224 58.1535 20.9856 9.0294
57.7939 22.4397 2.4063 57.7939 22.4397 8.0286 58.1535 22.4063 8.1224
58.1536 22.4063 2.3125 57.7939 22.4397 2.4063 58.1535 22.4063 8.1224
57.7939 22.4397 2.4063 58.1536 22.4063 2.3125 58.1536 25.3458 2.3125
58.1536 25.3458 2.3125 57.7939 25.3124 2.4063 57.7939 22.4397 2.4063
57.7939 25.3124 8.0286 57.7939 25.3124 2.4063 58.1536 25.3458 2.3125
58.1535 25.3458 8.1224 57.7939 25.3124 8.0286 58.1536 25.3458 2.3125
58.1535 22.4063 8.1224 57.7939 22.4397 8.0286 58.1535 25.3458 8.1224
57.7939 25.3124 8.0286 58.1535 25.3458 8.1224 57.7939 22.4397 8.0286
57.7939 22.4397 -5.2177 57.7939 22.4397 0.4047 58.1535 22.4063 0.4985
58.1535 25.3458 0.4985 57.7939 25.3124 0.4047 57.7939 25.3124 -5.2177
58.1535 22.4063 0.4985 57.7939 22.4397 0.4047 58.1535 25.3458 0.4985
57.7939 25.3124 0.4047 58.1535 25.3458 0.4985 57.7939 22.4397 0.4047
57.7939 22.4397 10.0302 58.1535 22.4063 9.9364 58.1535 25.3458 9.9364
58.1535 25.3458 9.9364 57.7939 25.3124 10.0302 57.7939 22.4397 10.0302
59.5746 27.6645 -8.0647 59.5746 28.0259 -8.0647 59.6421 28.0259 18.0986
59.6421 28.0259 18.0986 59.6421 27.6645 18.0986 59.5746 27.6645 -8.0647
58.821 27.6645 -7.7009 58.8842 27.6645 17.7383 58.3131 27.7279 17.7772
58.3131 27.7279 17.7772 58.2493 27.7281 -7.7403 58.821 27.6645 -7.7009
59.1978 27.6645 -7.8828 59.5746 27.6645 -8.0647 59.6421 27.6645 18.0986
59.6421 27.6645 18.0986 59.2631 27.6645 17.9185 59.1978 27.6645 -7.8828
58.821 26.419 -7.7009 59.1978 26.419 -7.8828 59.2631 26.419 17.9185
59.2631 26.419 17.9185 58.8842 26.419 17.7383 58.821 26.419 -7.7009
58.8842 27.6645 17.7383 58.821 27.6645 -7.7009 58.821 26.419 -7.7009
58.821 26.419 -7.7009 58.8842 26.419 17.7383 58.8842 27.6645 17.7383
59.1978 27.6645 -7.8828 59.2631 27.6645 17.9185 59.2631 26.419 17.9185
59.2631 26.419 17.9185 59.1978 26.419 -7.8828 59.1978 27.6645 -7.8828
62.2281 16.5684 -3.0348 62.2281 17.3776 -3.0348 62.2281 17.3776 10.8762
62.2281 17.3776 10.8762 62.2281 16.5684 10.8762 62.2281 16.5684 -3.0348
62.2281 16.5684 10.8762 61.1224 16.3251 10.4912 61.1224 16.3251 -2.5373
61.1224 16.3251 -2.5373 62.2281 16.5684 -3.0348 62.2281 16.5684 10.8762
55.4349 15.2193 -1.7586 55.4349 15.2193 9.8835 55.4349 -2.6698 9.8835
62.2281 17.3776 10.8762 62.2281 17.3776 -3.0348 38.18 41.4222 4.4722
50.7378 35.7046 4.6512 59.6421 28.0259 18.0986 59.5746 28.0259 -8.0647
