-58.1584 -45.1789 23.5682 -58.1584 -45.1789 7.1881 -58.1585 -45.4298 7.1881
-54.9514 -43.6041 7.1879 -54.9517 -43.3533 7.1881 -51.4836 -43.3533 7.1125
-51.4836 -43.3533 7.1125 -51.48 -43.6123 7.1125 -54.9514 -43.6041 7.1879
-61.3651 -47.2822 7.1881 -61.3651 -47.0046 7.1881 -57.897 -47.0046 7.1125
-57.897 -47.0046 7.1125 -57.8941 -47.2822 7.1125 -61.3651 -47.2822 7.1881
-54.6566 -45.149 23.3855 -54.6566 -43.6341 7.3708 -54.6566 -45.149 7.3708
-57.8632 -46.9746 23.3855 -57.8632 -45.4597 7.3708 -57.8632 -46.9746 7.3708
-51.48 -43.6123 7.1125 -54.6566 -43.6341 7.3708 -54.9514 -43.6041 7.1879
-51.48 -43.6123 7.1125 -51.4455 -43.6423 7.3708 -54.6566 -43.6341 7.3708
-54.6566 -43.3234 7.3708 -51.4499 -43.3234 7.3708 -51.4836 -43.3533 7.1125
-51.4836 -43.3533 7.1125 -54.9517 -43.3533 7.1881 -54.6566 -43.3234 7.3708
-54.6905 -45.4273 7.1125 -57.8632 -45.4597 7.3708 -58.1585 -45.4298 7.1881
-54.6905 -45.4273 7.1125 -54.6565 -45.4573 7.3708 -57.8632 -45.4597 7.3708
-54.6566 -45.149 7.3708 -54.6565 -45.4573 7.3708 -54.6906 -45.1789 7.1125
-54.6565 -45.4573 7.3708 -54.6905 -45.4273 7.1125 -54.6906 -45.1789 7.1125
-57.8632 -45.149 7.3708 -54.6566 -45.149 7.3708 -54.6906 -45.1789 7.1125
-54.6906 -45.1789 7.1125 -58.1584 -45.1789 7.1881 -57.8632 -45.149 7.3708
-57.8941 -47.2822 7.1125 -61.0699 -47.3121 7.3708 -61.3651 -47.2822 7.1881
-57.8941 -47.2822 7.1125 -57.8597 -47.3121 7.3708 -61.0699 -47.3121 7.3708
-57.8632 -46.9746 7.3708 -57.8597 -47.3121 7.3708 -57.897 -47.0046 7.1125
-57.8597 -47.3121 7.3708 -57.8941 -47.2822 7.1125 -57.897 -47.0046 7.1125
-61.0699 -46.9746 7.3708 -57.8632 -46.9746 7.3708 -57.897 -47.0046 7.1125
-57.897 -47.0046 7.1125 -61.3651 -47.0046 7.1881 -61.0699 -46.9746 7.3708
-54.9514 -43.6041 7.1879 -54.6566 -43.6341 7.3708 -54.6566 -43.6341 23.3855
-58.1585 -45.4298 7.1881 -57.8632 -45.4597 7.3708 -57.8632 -45.4597 23.3855
-61.3651 -47.2822 7.1881 -61.0699 -47.3121 7.3708 -61.0699 -47.3121 23.3855
-60.6528 -47.0916 7.4054 -61.1945 -47.0916 7.4054 -61.1945 -40.4443 7.4054
-60.6528 -47.0916 7.4054 -61.1945 -40.4443 7.4054 -60.6528 -40.0956 7.4054
-45.063 -30.0087 8.0727 -62.2328 -40.797 8.0727 -62.1106 -41.0941 8.0727
-45.063 -30.0087 7.3255 -62.1106 -41.0941 8.0727 -62.1106 -41.0941 7.3255
-45.063 -30.0087 7.3255 -62.1106 -41.0941 7.3255 -62.2328 -40.797 7.3255
-54.9517 -43.3533 7.1881 -54.9514 -43.6041 7.1879 -54.9517 -43.3533 23.5682
-51.4499 -43.3234 7.3708 -54.6566 -43.3234 7.3708 -51.4499 -43.3234 23.3855
-54.6566 -43.3234 7.3708 -54.9517 -43.3533 7.1881 -54.6566 -43.3234 23.3855
-57.8632 -45.149 7.3708 -58.1584 -45.1789 7.1881 -58.1584 -45.1789 23.5682
-57.8632 -46.9746 7.3708 -61.0699 -46.9746 7.3708 -61.0699 -46.9746 23.3855
-54.6905 -45.4273 7.1125 -58.1585 -45.4298 7.1881 -58.1584 -45.1789 7.1881
-58.1584 -45.1789 7.1881 -54.6906 -45.1789 7.1125 -54.6905 -45.4273 7.1125
-61.0699 -48.8002 7.3708 -61.0699 -47.3121 7.3708 -57.8597 -47.3121 7.3708
-45.0366 -48.8002 7.3708 -61.0699 -48.8002 7.3708 -57.8597 -47.3121 7.3708
-54.6565 -45.4573 7.3708 -45.0366 -48.8002 7.3708 -57.8597 -47.3121 7.3708
-54.6565 -45.4573 7.3708 -54.6566 -45.149 7.3708 -51.4455 -43.6423 7.3708
-54.6566 -43.6341 7.3708 -51.4455 -43.6423 7.3708 -54.6566 -45.149 7.3708
-57.8597 -47.3121 7.3708 -57.8632 -46.9746 7.3708 -54.6565 -45.4573 7.3708
-57.8632 -45.4597 7.3708 -54.6565 -45.4573 7.3708 -57.8632 -46.9746 7.3708
-61.0699 -46.9746 23.3855 -61.0699 -46.9746 7.3708 -61.3651 -47.0046 7.1881
-54.6566 -45.149 23.3855 -54.6566 -45.149 7.3708 -57.8632 -45.149 7.3708
-61.3651 -47.0046 7.1881 -61.3651 -47.2822 7.1881 -61.3651 -47.2822 23.5682
-61.0699 -47.3121 7.3708 -61.0699 -48.8002 7.3708 -61.0699 -48.8002 23.3855
-61.1945 -47.0916 7.9928 -61.1945 -40.4443 7.9928 -61.1945 -40.4443 7.4054
-61.1945 -40.4443 7.4054 -61.1945 -47.0916 7.4054 -61.1945 -47.0916 7.9928
-60.6528 -47.0916 7.9928 -60.6528 -40.0956 7.9928 -61.1945 -40.4443 7.9928
-61.1945 -40.4443 7.9928 -61.1945 -47.0916 7.9928 -60.6528 -47.0916 7.9928
-60.6528 -47.0916 7.4054 -60.6528 -40.0956 7.4054 -60.6528 -40.0956 7.9928
-60.6528 -40.0956 7.9928 -60.6528 -47.0916 7.9928 -60.6528 -47.0916 7.4054
-45.1853 -29.7115 7.3255 -62.2328 -40.797 7.3255 -62.2328 -40.797 8.0727
-62.1106 -41.0941 8.0727 -62.2328 -40.797 8.0727 -62.2328 -40.797 7.3255
-62.2328 -40.797 7.3255 -62.1106 -41.0941 7.3255 -62.1106 -41.0941 8.0727
