-14.2947 -11.8008 36.002 -46.7456 -11.8008 36.2488 -46.1898 -11.8008 35.5113
-45.4078 -38.1513 29.2166 -45.4078 -10.4075 31.383 -45.4078 -10.4075 29.2166
-45.4078 -38.1513 31.383 -43.898 -10.4075 31.383 -45.4078 -10.4075 31.383
-43.898 -38.1513 31.383 -43.898 -10.4075 29.2166 -43.898 -10.4075 31.383
-43.898 -38.1513 29.2166 -45.4078 -10.4075 29.2166 -43.898 -10.4075 29.2166
-47.1243 -10.3266 -1.634 -47.1243 -10.3266 36.4449 -47.1243 -10.0282 36.4449
-47.1243 -10.0282 -1.634 -47.1243 -10.3266 -1.634 -47.1243 -10.0282 36.4449
-46.7456 -11.8008 -1.3771 -46.7456 -11.8008 36.2488 -46.7456 -10.3266 36.2472
-46.7456 -10.3266 -1.3771 -46.7456 -11.8008 -1.3771 -46.7456 -10.3266 36.2472
-14.2946 -10.0282 36.4449 -47.1243 -10.0282 36.4449 -47.1243 -10.3266 36.4449
-46.7456 -10.3266 36.2472 -46.7456 -11.8008 36.2488 -14.2947 -10.3412 36.0005
-46.1898 -11.8008 35.5113 -46.7456 -11.8008 36.2488 -46.7456 -11.8008 -1.3771
-46.7456 -11.8008 -1.3771 -46.1898 -11.8008 -0.6693 -46.1898 -11.8008 35.5113
-14.2949 -11.8008 35.5113 -46.1898 -11.8008 35.5113 -46.1898 -10.7692 35.5113
-46.1898 -11.8008 35.5113 -46.1898 -11.8008 -0.6693 -46.1898 -10.7692 -0.6693
-46.1898 -10.7692 35.5113 -46.1898 -11.8008 35.5113 -46.1898 -10.7692 -0.6693
-47.1243 -10.3266 36.4449 -46.7456 -10.3266 36.2472 -14.2946 -10.3412 36.4449
-33.6225 -10.7692 -0.6693 -46.1898 -10.7692 35.5113 -46.1898 -10.7692 -0.6693
-32.1046 -10.7692 32.6325 -33.6225 -10.7692 -0.6693 -32.1035 -10.7692 -1.4629
-33.6225 -10.7692 -0.6693 -32.1046 -10.7692 32.6325 -46.1898 -10.7692 35.5113
-46.7456 -10.3266 -1.3771 -46.7456 -10.3266 36.2472 -47.1243 -10.3266 36.4449
-47.1243 -10.3266 -1.634 -46.7456 -10.3266 -1.3771 -47.1243 -10.3266 36.4449
-32.1042 -17.4114 20.6456 -32.1046 -10.7692 32.6325 -32.1035 -10.7692 -1.4629
-32.1046 -37.9804 32.6324 -32.1046 -10.7692 32.6325 -32.1042 -17.4114 20.6456
-14.2946 -10.0282 36.4449 -30.6133 -4.46 18.8899 -47.1243 -10.0282 36.4449
-47.1243 -10.0282 36.4449 -30.6133 -4.46 18.8899 -47.1243 -10.0282 -1.634
