61.1224 16.3251 -32.8843 58.3618 16.3251 -35.6764 60.1825 16.5684 -36.75
60.1825 16.5684 -36.75 62.2328 16.5684 -34.6991 61.1224 16.3251 -32.8843
61.1224 16.3251 -32.8843 61.1224 15.2352 -32.7319 58.2093 15.2352 -35.6764
58.2093 15.2352 -35.6764 58.3618 16.3251 -35.6764 61.1224 16.3251 -32.8843
61.1224 15.2352 -32.7319 61.1224 16.3251 -32.8843 61.1224 16.3251 -2.5373
55.439 15.2193 -29.9747 61.1224 15.2352 -32.7319 61.1224 15.2352 -2.5373
58.2093 15.2352 -35.6764 61.1224 15.2352 -32.7319 55.439 15.2193 -29.9747
62.2328 16.5684 -34.6991 62.2328 17.3776 -34.6991 62.2281 17.3776 -3.0348
60.1825 16.5684 -36.75 60.1825 17.3776 -36.75 62.2328 17.3776 -34.6991
62.2328 17.3776 -34.6991 62.2328 16.5684 -34.6991 60.1825 16.5684 -36.75
61.1224 16.3251 -32.8843 62.2328 16.5684 -34.6991 62.2281 16.5684 -3.0348
55.439 -2.6759 -29.9747 55.439 15.2193 -29.9747 55.4349 10.9725 -18.1067
62.2328 17.3776 -34.6991 60.1825 17.3776 -36.75 36.8604 41.4205 3.1491
