-32.3218 -17.6284 20.4293 -32.1042 -17.4114 20.6456 -32.1039 -17.441 9.0035
-32.1039 -17.441 9.0035 -32.3218 -17.6565 9.2197 -32.3218 -17.6284 20.4293
-32.1039 -37.2487 9.0035 -32.3218 -37.0325 9.2197 -32.1039 -17.441 9.0035
-32.3218 -37.0325 9.2197 -32.3218 -17.6565 9.2197 -32.1039 -17.441 9.0035
-32.1043 -37.2487 20.6456 -32.3218 -37.0325 20.4293 -32.1039 -37.2487 9.0035
-32.3218 -37.0325 20.4293 -32.3218 -37.0325 9.2197 -32.1039 -37.2487 9.0035
-32.3218 -18.3426 19.7177 -32.3218 -36.3209 19.7177 -32.3218 -37.0325 20.4293
-32.3218 -17.6284 20.4293 -32.3218 -18.3426 19.7177 -32.3218 -37.0325 20.4293
-32.3218 -18.3426 19.7177 -32.3218 -17.6284 20.4293 -32.3218 -17.6565 9.2197
-32.3218 -17.6565 9.2197 -32.3218 -18.3656 9.9314 -32.3218 -18.3426 19.7177
-32.3218 -36.3209 9.9314 -32.3218 -18.3656 9.9314 -32.3218 -17.6565 9.2197
-32.3218 -37.0325 9.2197 -32.3218 -36.3209 9.9314 -32.3218 -17.6565 9.2197
-32.3218 -36.3209 9.9314 -32.1133 -36.1252 10.127 -32.3218 -18.3656 9.9314
-32.1133 -36.1252 10.127 -32.1133 -18.5606 10.127 -32.3218 -18.3656 9.9314
-32.3218 -18.3426 19.7177 -32.1133 -18.539 19.522 -32.3218 -36.3209 19.7177
-32.1133 -18.539 19.522 -32.1133 -36.1252 19.522 -32.3218 -36.3209 19.7177
-31.6519 -48.6898 32.1505 -31.6519 -38.497 32.1505 -31.6519 -38.497 -22.4179
-32.1133 -36.1252 19.522 -32.1133 -18.539 19.522 -32.1133 -18.5606 10.127
-32.1133 -18.5606 10.127 -32.1133 -36.1252 10.127 -32.1133 -36.1252 19.522
-32.3218 -17.6284 20.4293 -32.3218 -37.0325 20.4293 -32.1043 -37.2487 20.6456
-32.1042 -17.4114 20.6456 -32.3218 -17.6284 20.4293 -32.1043 -37.2487 20.6456
-32.3218 -36.3209 19.7177 -32.3218 -36.3209 9.9314 -32.3218 -37.0325 9.2197
-32.3218 -37.0325 20.4293 -32.3218 -36.3209 19.7177 -32.3218 -37.0325 9.2197
-32.1133 -18.5606 10.127 -32.1133 -18.539 19.522 -32.3218 -18.3426 19.7177
-32.3218 -18.3656 9.9314 -32.1133 -18.5606 10.127 -32.3218 -18.3426 19.7177
-32.1133 -36.1252 19.522 -32.1133 -36.1252 10.127 -32.3218 -36.3209 9.9314
-32.3218 -36.3209 19.7177 -32.1133 -36.1252 19.522 -32.3218 -36.3209 9.9314
-43.9335 -37.8878 15.5537 -33.9954 -37.8878 15.5537 -33.9954 -37.8878 1.0024
-33.9954 -37.8878 15.5537 -31.9336 -37.8878 15.5537 -31.9336 -37.8878 1.0024
-32.1036 -37.9832 -1.4627 -31.6758 -38.474 -1.4627 -31.6573 -38.4768 32.197
-32.1035 -10.7692 -1.4629 -32.1039 -17.441 9.0035 -32.1042 -17.4114 20.6456
-32.1043 -37.2487 20.6456 -32.1039 -37.2487 9.0035 -32.1036 -37.9832 -1.4627
-32.1036 -37.9832 -1.4627 -32.1046 -37.9804 32.6324 -32.1043 -37.2487 20.6456
