-46.1898 -11.8008 35.5113 -14.2949 -11.8008 35.5113 -14.2947 -11.8008 36.002
-47.1243 -10.3266 36.4449 -14.2946 -10.3412 36.4449 -14.2946 -10.0282 36.4449
-46.7456 -11.8008 36.2488 -14.2947 -11.8008 36.002 -14.2947 -10.3412 36.0005
-14.2949 -10.7692 35.5113 -14.2949 -11.8008 35.5113 -46.1898 -10.7692 35.5113
-14.1917 -7.4505 14.9639 -14.2946 -10.0282 36.4449 -14.2978 -2.6698 27.697
-14.2934 -2.6759 39.657 -14.2946 -10.0282 36.4449 -14.2934 -17.4312 39.657
-46.7456 -10.3266 36.2472 -14.2947 -10.3412 36.0005 -14.2946 -10.3412 36.4449
-14.2947 -11.8008 36.002 -14.2934 -37.9492 39.6588 -14.2934 -17.4312 39.657
-14.2946 -10.0282 36.4449 -14.2946 -10.3412 36.4449 -14.2934 -17.4312 39.657
-6.2768 -17.4015 39.7525 -6.2644 -2.6698 39.7525 -14.2934 -2.6759 39.657
-14.2934 -2.6759 39.657 -14.2934 -17.4312 39.657 -6.2768 -17.4015 39.7525
-14.2959 -37.8423 32.6399 -14.2959 -10.7692 32.6399 -32.1046 -10.7692 32.6325
-14.2959 -37.8423 32.6399 -14.2949 -11.8008 35.5113 -14.2959 -10.7692 32.6399
-14.2959 -10.7692 32.6399 -14.2949 -10.7692 35.5113 -32.1046 -10.7692 32.6325
-46.1898 -10.7692 35.5113 -32.1046 -10.7692 32.6325 -14.2949 -10.7692 35.5113
-14.2978 -2.6698 27.697 -14.2946 -10.0282 36.4449 -14.2934 -2.6759 39.657
-14.2947 -10.3412 36.0005 -14.2947 -11.8008 36.002 -14.2934 -17.4312 39.657
-14.2934 -17.4312 39.657 -14.2946 -10.3412 36.4449 -14.2947 -10.3412 36.0005
-14.2949 -11.8008 35.5113 -14.2949 -10.7692 35.5113 -14.2959 -10.7692 32.6399
-14.2949 -11.8008 35.5113 -14.2934 -37.9492 39.6588 -14.2947 -11.8008 36.002
