47.0487 -17.4509 39.7526 46.688 -17.8116 39.959 46.6881 -31.5868 39.959
47.0487 -17.4509 39.7526 46.6881 -31.5868 39.959 47.0487 -31.9474 39.7526
32.9224 -17.4509 39.7525 33.2831 -17.8116 39.959 46.688 -17.8116 39.959
32.9224 -17.4509 39.7525 46.688 -17.8116 39.959 47.0487 -17.4509 39.7526
33.2831 -31.5868 39.959 33.2831 -17.8116 39.959 32.9224 -17.4509 39.7525
46.0796 -24.8491 39.959 46.6881 -31.5868 39.959 46.688 -17.8116 39.959
33.8915 -18.42 39.959 39.4529 -18.42 39.959 33.2831 -17.8116 39.959
33.8915 -18.42 39.959 33.2831 -17.8116 39.959 33.8915 -23.6751 39.959
33.8915 -24.8491 39.959 33.8915 -23.6751 39.959 33.2831 -17.8116 39.959
39.4529 -23.6751 39.959 33.8915 -23.6751 39.959 33.8915 -24.8491 39.959
33.8915 -24.8491 39.959 39.4529 -24.8491 39.959 39.4529 -23.6751 39.959
40.5182 -23.6751 39.959 40.5182 -18.42 39.959 39.4529 -18.42 39.959
39.4529 -18.42 39.959 39.4529 -23.6751 39.959 40.5182 -23.6751 39.959
40.5182 -24.8491 39.959 40.5182 -23.6751 39.959 39.4529 -23.6751 39.959
39.4529 -23.6751 39.959 39.4529 -24.8491 39.959 40.5182 -24.8491 39.959
33.2831 -17.8116 39.959 33.2831 -31.5868 39.959 33.8915 -24.8491 39.959
46.0796 -23.6751 39.959 40.5182 -23.6751 39.959 40.5182 -24.8491 39.959
40.5182 -24.8491 39.959 46.0796 -24.8491 39.959 46.0796 -23.6751 39.959
46.688 -17.8116 39.959 46.0796 -23.6751 39.959 46.0796 -24.8491 39.959
46.0796 -18.42 39.959 46.0796 -23.6751 39.959 46.688 -17.8116 39.959
46.0796 -18.42 39.959 46.688 -17.8116 39.959 40.5182 -18.42 39.959
40.5182 -18.42 39.959 46.688 -17.8116 39.959 33.2831 -17.8116 39.959
33.2831 -17.8116 39.959 39.4529 -18.42 39.959 40.5182 -18.42 39.959
39.326 -18.5599 39.7041 39.4529 -18.42 39.959 33.8915 -18.42 39.959
33.8915 -18.42 39.959 34.0185 -18.5599 39.7041 39.326 -18.5599 39.7041
45.9527 -23.5352 39.7041 46.0796 -23.6751 39.959 46.0796 -18.42 39.959
46.0796 -18.42 39.959 45.9527 -18.5599 39.7041 45.9527 -23.5352 39.7041
46.0796 -18.42 39.959 40.5182 -18.42 39.959 40.6452 -18.5599 39.7041
40.6452 -18.5599 39.7041 45.9527 -18.5599 39.7041 46.0796 -18.42 39.959
33.8915 -23.6751 39.959 34.0185 -23.5352 39.7041 33.8915 -18.42 39.959
34.0185 -18.5599 39.7041 33.8915 -18.42 39.959 34.0185 -23.5352 39.7041
46.0796 -30.9784 39.959 46.0796 -24.8491 39.959 45.9527 -24.989 39.7041
39.326 -23.5352 39.7041 39.4529 -23.6751 39.959 39.4529 -18.42 39.959
39.4529 -18.42 39.959 39.326 -18.5599 39.7041 39.326 -23.5352 39.7041
40.5182 -23.6751 39.959 40.6452 -23.5352 39.7041 40.5182 -18.42 39.959
40.6452 -18.5599 39.7041 40.5182 -18.42 39.959 40.6452 -23.5352 39.7041
33.8915 -23.6751 39.959 39.4529 -23.6751 39.959 39.326 -23.5352 39.7041
39.326 -23.5352 39.7041 34.0185 -23.5352 39.7041 33.8915 -23.6751 39.959
39.326 -24.989 39.7041 39.4529 -24.8491 39.959 33.8915 -24.8491 39.959
33.8915 -24.8491 39.959 34.0185 -24.989 39.7041 39.326 -24.989 39.7041
40.5182 -23.6751 39.959 46.0796 -23.6751 39.959 45.9527 -23.5352 39.7041
45.9527 -23.5352 39.7041 40.6452 -23.5352 39.7041 40.5182 -23.6751 39.959
45.9527 -24.989 39.7041 46.0796 -24.8491 39.959 40.5182 -24.8491 39.959
40.5182 -24.8491 39.959 40.6452 -24.989 39.7041 45.9527 -24.989 39.7041
45.9527 -23.5352 39.7041 45.9527 -18.5599 39.7041 40.6452 -18.5599 39.7041
40.6452 -18.5599 39.7041 40.6452 -23.5352 39.7041 45.9527 -23.5352 39.7041
34.0185 -23.5352 39.7041 39.326 -23.5352 39.7041 39.326 -18.5599 39.7041
34.0185 -18.5599 39.7041 34.0185 -23.5352 39.7041 39.326 -18.5599 39.7041
47.0487 -17.4509 39.7526 43.5599 -2.6698 39.7525 32.9224 -17.4509 39.7525
55.4349 -2.6925 39.7526 43.5599 -2.6698 39.7525 47.0487 -17.4509 39.7526
47.0487 -17.4509 39.7526 55.4349 -17.4509 39.7525 55.4349 -2.6925 39.7526
47.0487 -17.4509 39.7526 47.0487 -31.9474 39.7526 55.4349 -17.4509 39.7525
13.9237 -17.4312 39.7525 25.5657 -17.441 39.7525 25.5657 -2.6698 39.7525
25.5657 -17.441 39.7525 32.9224 -17.4509 39.7525 25.5657 -2.6698 39.7525
25.5657 -17.441 39.7525 32.9225 -31.9474 39.7526 32.9224 -17.4509 39.7525
55.4349 -2.6925 39.7526 55.4349 -17.4509 39.7525 55.4349 -17.4509 28.6667
