-45.9952 -37.8878 30.1051 -45.9952 -37.8878 31.9355 -43.9335 -37.8878 31.9355
-33.9954 -37.8878 15.5537 -43.9335 -37.8878 15.5537 -33.9954 -37.8878 30.1051
-43.9335 -37.8878 15.5537 -43.9335 -37.8878 30.1051 -33.9954 -37.8878 30.1051
-43.9335 -37.8878 15.5537 -45.9952 -37.8878 15.5537 -43.9335 -37.8878 30.1051
-45.9952 -37.8878 15.5537 -45.9952 -37.8878 30.1051 -43.9335 -37.8878 30.1051
-45.9952 -37.8878 30.1051 -43.9335 -37.8878 31.9355 -43.9335 -37.8878 30.1051
-45.9952 -39.6144 30.1051 -45.4829 -39.886 29.7058 -45.4829 -47.5935 29.7058
-45.9952 -39.6144 30.1051 -45.4829 -47.5935 29.7058 -45.9952 -47.8651 30.1051
-43.5342 -47.5935 31.4232 -43.5342 -39.886 31.4232 -43.9335 -39.6144 31.9355
-43.9335 -39.6144 31.9355 -43.9335 -47.8651 31.9355 -43.5342 -47.5935 31.4232
-46.1848 -37.9785 30.1051 -46.1293 -37.9785 32.0696 -45.9952 -37.8878 31.9355
-45.9952 -37.8878 31.9355 -46.1293 -37.9785 32.0696 -43.9335 -37.9785 32.1251
-45.9952 -38.3202 31.9355 -43.9335 -38.3202 31.9355 -43.9335 -38.2295 32.1251
-43.9335 -38.2295 32.1251 -46.1293 -38.2295 32.0696 -45.9952 -38.3202 31.9355
-46.1848 -38.2295 30.1051 -45.9952 -38.3202 31.9355 -46.1293 -38.2295 32.0696
-46.1848 -38.2295 15.5537 -45.9952 -38.3202 15.5537 -45.9952 -38.3202 30.1051
-45.9952 -38.3202 30.1051 -46.1848 -38.2295 30.1051 -46.1848 -38.2295 15.5537
-46.1848 -38.2295 30.1051 -45.9952 -38.3202 30.1051 -45.9952 -38.3202 31.9355
-48.5385 -39.9529 23.5681 -48.2432 -39.9828 23.3855 -45.0707 -39.9499 23.6438
-45.0366 -39.9799 23.3855 -45.0707 -39.9499 23.6438 -48.2432 -39.9828 23.3855
-45.0366 -39.9799 23.3855 -45.0366 -39.6721 23.3855 -45.0707 -39.7021 23.6438
-45.0707 -39.7021 23.6438 -45.0707 -39.9499 23.6438 -45.0366 -39.9799 23.3855
-48.2432 -39.6721 23.3855 -48.5384 -39.7021 23.5682 -45.0707 -39.7021 23.6438
-45.0707 -39.7021 23.6438 -45.0366 -39.6721 23.3855 -48.2432 -39.6721 23.3855
-47.1271 -39.8389 22.8435 -47.1271 -39.8389 23.4309 -47.1271 -31.1506 23.4309
-47.1271 -39.8389 22.8435 -47.1271 -31.1506 23.4309 -47.1271 -31.1506 22.8435
-46.5854 -39.8389 23.4309 -46.5854 -39.8389 22.8435 -46.5854 -30.8984 22.8435
-46.5854 -39.8389 23.4309 -46.5854 -30.8984 22.8435 -46.5854 -30.8984 23.4309
-46.5854 -39.8389 22.8435 -47.1271 -39.8389 22.8435 -47.1271 -31.1506 22.8435
-46.5854 -39.8389 22.8435 -47.1271 -31.1506 22.8435 -46.5854 -30.8984 22.8435
-45.063 -30.0087 23.5108 -45.1853 -29.7115 23.5108 -62.2328 -40.797 23.5108
-45.063 -30.0087 22.7636 -45.063 -30.0087 23.5108 -62.1105 -41.0941 23.5108
-44.6256 -36.235 23.6847 -44.6256 -36.6263 29.3502 -44.6256 -36.235 29.3502
-44.6256 -36.6263 29.3502 -44.6256 -36.235 23.6847 -44.6256 -36.6263 23.6847
-44.3677 -36.6263 23.6847 -44.6256 -36.6263 23.6847 -44.3677 -36.235 23.6847
-44.3677 -36.235 23.6847 -44.6256 -36.6263 23.6847 -44.6256 -36.235 23.6847
-34.095 -36.6263 30.9972 -45.1036 -36.235 30.9972 -45.1036 -36.6263 30.9972
-45.1036 -36.6263 30.7394 -45.1036 -36.6263 30.9972 -45.1036 -36.235 30.7394
-45.1036 -36.235 30.7394 -45.1036 -36.6263 30.9972 -45.1036 -36.235 30.9972
-44.7579 -30.2401 23.6847 -44.7579 -30.6313 29.3502 -44.7579 -30.2401 29.3502
-44.7579 -30.6313 29.3502 -44.7579 -30.2401 23.6847 -44.7579 -30.6313 23.6847
-44.5001 -30.6313 23.6847 -44.7579 -30.6313 23.6847 -44.5001 -30.2401 23.6847
-44.5001 -30.2401 23.6847 -44.7579 -30.6313 23.6847 -44.7579 -30.2401 23.6847
-33.8404 -30.6313 30.9601 -44.849 -30.2401 30.9601 -44.849 -30.6313 30.9601
-44.849 -30.6313 30.7023 -44.849 -30.6313 30.9601 -44.849 -30.2401 30.7023
-44.849 -30.2401 30.7023 -44.849 -30.6313 30.9601 -44.849 -30.2401 30.9601
-44.5922 -38.0846 23.918 -44.5922 -38.0846 22.674 -44.5922 -30.7067 22.674
-44.5922 -38.0846 23.918 -44.5922 -30.7067 22.674 -44.5922 -30.7067 23.918
-44.5922 -38.0846 22.674 -45.5025 -38.0846 22.674 -45.5025 -30.7067 22.674
-44.5922 -38.0846 22.674 -45.5025 -30.7067 22.674 -44.5922 -30.7067 22.674
-45.5025 -38.0846 22.674 -45.5025 -38.0846 23.918 -45.5025 -30.7067 23.918
-45.5025 -38.0846 22.674 -45.5025 -30.7067 23.918 -45.5025 -30.7067 22.674
-45.5025 -38.0846 23.918 -44.5922 -38.0846 23.918 -44.5922 -30.7067 23.918
-45.5025 -38.0846 23.918 -44.5922 -30.7067 23.918 -45.5025 -30.7067 23.918
-44.4814 -36.26 23.5476 -44.4814 -36.26 29.2559 -44.4814 -30.6313 29.2559
-44.4814 -36.26 23.5476 -44.4814 -30.6313 29.2559 -44.4814 -30.6313 23.5476
-45.4078 -38.1513 29.2166 -45.4078 -38.1513 31.383 -45.4078 -10.4075 31.383
-45.4078 -38.1513 31.383 -43.898 -38.1513 31.383 -43.898 -10.4075 31.383
-43.898 -38.1513 31.383 -43.898 -38.1513 29.2166 -43.898 -10.4075 29.2166
-43.898 -38.1513 29.2166 -45.4078 -38.1513 29.2166 -45.4078 -10.4075 29.2166
-45.9952 -37.8878 31.9355 -43.9335 -37.9785 32.1251 -43.9335 -37.8878 31.9355
-45.9952 -38.3202 15.5537 -45.9952 -39.6144 15.5537 -45.9952 -38.3202 30.1051
-45.9952 -39.6144 15.5537 -45.9952 -39.6144 30.1051 -45.9952 -38.3202 30.1051
-45.9952 -38.3202 31.9355 -45.9952 -38.3202 30.1051 -45.9952 -39.6144 30.1051
-45.9952 -39.6144 30.1051 -45.9952 -39.6144 31.9355 -45.9952 -38.3202 31.9355
-45.9952 -39.6144 31.9355 -45.9952 -39.6144 30.1051 -45.9952 -47.8651 31.9355
-45.9952 -47.8651 30.1051 -45.9952 -47.8651 31.9355 -45.9952 -39.6144 30.1051
-45.9952 -38.3202 31.9355 -43.9335 -39.6144 31.9355 -43.9335 -38.3202 31.9355
-43.9335 -48.5669 31.9355 -43.9335 -47.8651 31.9355 -45.9952 -47.8651 31.9355
-45.9952 -39.6144 31.9355 -45.9952 -47.8651 31.9355 -43.9335 -47.8651 31.9355
-43.9335 -47.8651 31.9355 -43.9335 -39.6144 31.9355 -45.9952 -39.6144 31.9355
-45.9952 -39.6144 31.9355 -43.9335 -39.6144 31.9355 -45.9952 -38.3202 31.9355
-46.1848 -38.2295 30.1051 -46.1293 -38.2295 32.0696 -46.1293 -37.9785 32.0696
-46.1848 -37.9785 30.1051 -46.1848 -38.2295 30.1051 -46.1293 -37.9785 32.0696
-46.1293 -38.2295 32.0696 -43.9335 -38.2295 32.1251 -43.9335 -37.9785 32.1251
-46.1293 -37.9785 32.0696 -46.1293 -38.2295 32.0696 -43.9335 -37.9785 32.1251
-45.9952 -37.8878 15.5537 -46.1848 -37.9785 15.5537 -45.9952 -37.8878 30.1051
-46.1848 -37.9785 15.5537 -46.1848 -37.9785 30.1051 -45.9952 -37.8878 30.1051
-45.9952 -37.8878 31.9355 -45.9952 -37.8878 30.1051 -46.1848 -37.9785 30.1051
-45.4829 -47.5935 29.7058 -45.4829 -39.886 29.7058 -45.4829 -39.886 15.5537
-45.4829 -39.886 29.7058 -45.9952 -39.6144 30.1051 -45.9952 -39.6144 15.5537
-45.9952 -39.6144 15.5537 -45.4829 -39.886 15.5537 -45.4829 -39.886 29.7058
-46.1848 -38.2295 15.5537 -46.1848 -38.2295 30.1051 -46.1848 -37.9785 30.1051
-46.1848 -37.9785 15.5537 -46.1848 -38.2295 15.5537 -46.1848 -37.9785 30.1051
-45.0366 -39.9799 23.3855 -48.2432 -39.9828 23.3855 -48.2432 -41.4977 23.3855
-48.2352 -41.8098 23.3855 -45.0366 -39.9799 23.3855 -48.2432 -41.4977 23.3855
-45.0707 -39.9499 23.6438 -45.0707 -39.7021 23.6438 -48.5384 -39.7021 23.5682
-48.5384 -39.7021 23.5682 -48.5385 -39.9529 23.5681 -45.0707 -39.9499 23.6438
-48.2432 -39.6721 23.3855 -45.0366 -39.6721 23.3855 -45.0366 -39.6721 7.3708
-46.5854 -39.8389 23.4309 -46.5854 -30.8984 23.4309 -47.1271 -31.1506 23.4309
-47.1271 -31.1506 23.4309 -47.1271 -39.8389 23.4309 -46.5854 -39.8389 23.4309
-62.2328 -40.797 23.5108 -45.1853 -29.7115 23.5108 -45.1853 -29.7115 22.7636
-62.2328 -40.797 22.7636 -45.1853 -29.7115 22.7636 -45.063 -30.0087 22.7636
-45.063 -30.0087 23.5108 -45.063 -30.0087 22.7636 -45.1853 -29.7115 22.7636
-45.1853 -29.7115 23.5108 -45.063 -30.0087 23.5108 -45.1853 -29.7115 22.7636
-44.3677 -36.6263 23.6847 -44.3677 -36.6263 29.3502 -44.6256 -36.6263 29.3502
-44.6256 -36.6263 23.6847 -44.3677 -36.6263 23.6847 -44.6256 -36.6263 29.3502
-45.1036 -36.6263 30.9972 -45.1036 -36.6263 30.7394 -34.095 -36.6263 30.7394
-45.1036 -36.235 30.7394 -45.1036 -36.235 30.9972 -34.095 -36.235 30.7394
-44.3677 -36.6263 23.6847 -44.3677 -36.235 23.6847 -44.3677 -36.235 29.3502
-44.3677 -36.235 29.3502 -44.3677 -36.6263 29.3502 -44.3677 -36.6263 23.6847
-34.095 -36.6263 30.7394 -45.1036 -36.6263 30.7394 -45.1036 -36.235 30.7394
-44.5001 -30.6313 23.6847 -44.5001 -30.6313 29.3502 -44.7579 -30.6313 29.3502
-44.7579 -30.6313 23.6847 -44.5001 -30.6313 23.6847 -44.7579 -30.6313 29.3502
-44.849 -30.6313 30.9601 -44.849 -30.6313 30.7023 -33.8404 -30.6313 30.7023
-44.849 -30.2401 30.7023 -44.849 -30.2401 30.9601 -33.8404 -30.2401 30.7023
-44.5001 -30.6313 29.3502 -44.5001 -30.6313 23.6847 -44.5001 -30.2401 23.6847
-44.5001 -30.2401 23.6847 -44.5001 -30.2401 29.3502 -44.5001 -30.6313 29.3502
-33.8404 -30.6313 30.7023 -44.849 -30.6313 30.7023 -44.849 -30.2401 30.7023
-45.6534 -29.4897 22.5238 -45.6535 -29.4897 24.0682 -44.4413 -29.4897 24.0682
-44.4413 -29.4897 22.5238 -45.6534 -29.4897 22.5238 -44.4413 -29.4897 24.0682
-44.4413 -30.5125 24.0682 -44.4413 -30.5125 22.5238 -44.4413 -29.4897 22.5238
-44.4413 -29.4897 24.0682 -44.4413 -30.5125 24.0682 -44.4413 -29.4897 22.5238
-44.4413 -30.5125 22.5238 -45.6534 -30.5125 22.5238 -45.6534 -29.4897 22.5238
-44.4413 -29.4897 22.5238 -44.4413 -30.5125 22.5238 -45.6534 -29.4897 22.5238
-45.6534 -30.5125 22.5238 -45.6535 -30.5125 24.0682 -45.6535 -29.4897 24.0682
-45.6534 -29.4897 22.5238 -45.6534 -30.5125 22.5238 -45.6535 -29.4897 24.0682
-45.6535 -30.5125 24.0682 -44.4413 -30.5125 24.0682 -44.4413 -29.4897 24.0682
-45.6535 -29.4897 24.0682 -45.6535 -30.5125 24.0682 -44.4413 -29.4897 24.0682
-44.5922 -30.7067 23.918 -44.5922 -30.7067 22.674 -44.4413 -30.5125 22.5238
-44.4413 -30.5125 24.0682 -44.5922 -30.7067 23.918 -44.4413 -30.5125 22.5238
-44.5922 -30.7067 22.674 -45.5025 -30.7067 22.674 -45.6534 -30.5125 22.5238
-44.4413 -30.5125 22.5238 -44.5922 -30.7067 22.674 -45.6534 -30.5125 22.5238
-45.5025 -30.7067 22.674 -45.5025 -30.7067 23.918 -45.6535 -30.5125 24.0682
-45.6534 -30.5125 22.5238 -45.5025 -30.7067 22.674 -45.6535 -30.5125 24.0682
-45.5025 -30.7067 23.918 -44.5922 -30.7067 23.918 -44.4413 -30.5125 24.0682
-45.6535 -30.5125 24.0682 -45.5025 -30.7067 23.918 -44.4413 -30.5125 24.0682
-45.1189 -30.6313 30.7346 -45.1189 -36.26 30.7346 -34.1103 -30.6313 30.7346
-44.3677 -36.235 29.3502 -44.3677 -36.235 23.6847 -44.6256 -36.235 23.6847
-44.6256 -36.235 23.6847 -44.6256 -36.235 29.3502 -44.3677 -36.235 29.3502
-44.7579 -30.2401 23.6847 -44.7579 -30.2401 29.3502 -44.5001 -30.2401 29.3502
-44.5001 -30.2401 23.6847 -44.7579 -30.2401 23.6847 -44.5001 -30.2401 29.3502
