-14.3172 -10.0282 -26.56 -34.6822 -10.3364 -26.5607 -34.6856 -10.033 -26.5648
-34.6822 -10.3364 -26.5607 -14.3172 -10.0282 -26.56 -14.3172 -10.3412 -26.5607
-33.6225 -10.7692 -25.6094 -33.6225 -11.8008 -25.6094 -14.5149 -10.7692 -25.6094
-33.6225 -11.8008 -25.6094 -14.3169 -11.8008 -25.6094 -14.5149 -10.7692 -25.6094
-14.3171 -11.8008 -26.1174 -34.3716 -11.8008 -26.1181 -34.3716 -10.3412 -26.1181
-14.3171 -10.3412 -26.1174 -14.3171 -11.8008 -26.1174 -34.3716 -10.3412 -26.1181
-33.6225 -11.8008 -25.6094 -34.3716 -11.8008 -26.1181 -14.3171 -11.8008 -26.1174
-14.3171 -11.8008 -26.1174 -14.3169 -11.8008 -25.6094 -33.6225 -11.8008 -25.6094
-14.3185 -17.4509 -30.0702 -14.3172 -10.3412 -26.5607 -14.3172 -10.0282 -26.56
-14.3172 -10.3412 -26.5607 -34.3716 -10.3412 -26.1181 -34.6822 -10.3364 -26.5607
-14.3172 -10.3412 -26.5607 -14.3171 -10.3412 -26.1174 -34.3716 -10.3412 -26.1181
-14.3185 -17.4509 -30.0702 -14.3172 -10.0282 -26.56 -14.3185 -2.6925 -30.0702
-14.3157 -37.9826 -22.6389 -14.6496 -10.7692 -22.6391 -14.3169 -11.8008 -25.6094
-14.6496 -10.7692 -22.6391 -14.5149 -10.7692 -25.6094 -14.3169 -11.8008 -25.6094
-14.5149 -10.7692 -25.6094 -14.6496 -10.7692 -22.6391 -32.1029 -10.7692 -22.645
-14.5149 -10.7692 -25.6094 -32.1029 -10.7692 -22.645 -33.6225 -10.7692 -25.6094
-14.3171 -10.3412 -26.1174 -14.3172 -10.3412 -26.5607 -14.3185 -17.4509 -30.0702
-14.3185 -17.4509 -30.0702 -14.3171 -11.8008 -26.1174 -14.3171 -10.3412 -26.1174
-14.3171 -11.8008 -26.1174 -14.3185 -17.4509 -30.0702 -14.3167 -37.9969 -25.344
-14.3167 -37.9969 -25.344 -14.3169 -11.8008 -25.6094 -14.3171 -11.8008 -26.1174
-5.8946 -17.4509 -29.978 -14.3185 -17.4509 -30.0702 -14.3185 -2.6925 -30.0702
-14.3185 -2.6925 -30.0702 -2.4057 -2.6698 -29.978 -5.8946 -17.4509 -29.978
-14.3113 -2.6698 -9.9639 -14.3143 -2.6698 -18.2873 -14.3172 -10.0282 -26.56
-14.3185 -2.6925 -30.0702 -14.3172 -10.0282 -26.56 -14.3143 -2.6698 -18.2873
-32.1029 -37.9832 -22.6449 -32.1029 -10.7692 -22.645 -14.6496 -10.7692 -22.6391
-34.6856 -10.033 -26.5648 -14.3646 -4.1603 -4.5011 -14.3172 -10.0282 -26.56
