24.6902 48.8002 -11.5245 23.2552 48.8002 -10.5304 23.2552 48.8002 -7.8731
23.2552 48.8002 -10.5304 24.6902 48.8002 -11.5245 17.9844 48.8002 -11.5246
17.9844 48.8002 -11.5246 19.4193 48.8002 -10.5304 23.2552 48.8002 -10.5304
19.4193 48.8002 -10.5304 17.9844 48.8002 -11.5246 17.9844 48.8002 -6.879
17.9844 48.8002 -6.879 19.4193 48.8002 -7.8731 19.4193 48.8002 -10.5304
23.2552 48.8002 -7.8731 19.4193 48.8002 -7.8731 17.9844 48.8002 -6.879
24.6902 48.8002 -6.879 23.2552 48.8002 -7.8731 17.9844 48.8002 -6.879
23.2552 48.8002 -7.8731 24.6902 48.8002 -6.879 24.6902 48.8002 -11.5245
24.6902 48.8002 -11.5245 24.7003 47.9216 -11.5315 17.9743 47.9216 -11.5315
17.9743 47.9216 -11.5315 17.9844 48.8002 -11.5246 24.6902 48.8002 -11.5245
17.9743 47.9216 -6.872 17.9844 48.8002 -6.879 17.9844 48.8002 -11.5246
17.9844 48.8002 -11.5246 17.9743 47.9216 -11.5315 17.9743 47.9216 -6.872
24.7003 47.9216 -6.872 24.6902 48.8002 -6.879 17.9844 48.8002 -6.879
17.9844 48.8002 -6.879 17.9743 47.9216 -6.872 24.7003 47.9216 -6.872
24.7003 47.9216 -11.5315 24.7003 47.9216 -6.872 24.8276 47.7394 -6.7838
24.8276 47.7394 -11.6198 24.7003 47.9216 -11.5315 24.8276 47.7394 -6.7838
24.7003 47.9216 -11.5315 24.8276 47.7394 -11.6198 17.8469 47.7394 -11.6198
17.8469 47.7394 -11.6198 17.9743 47.9216 -11.5315 24.7003 47.9216 -11.5315
17.9743 47.9216 -6.872 17.9743 47.9216 -11.5315 17.8469 47.7394 -11.6198
17.8469 47.7394 -6.7838 17.9743 47.9216 -6.872 17.8469 47.7394 -11.6198
24.7003 47.9216 -6.872 17.9743 47.9216 -6.872 17.8469 47.7394 -6.7838
24.8276 47.7394 -6.7838 24.7003 47.9216 -6.872 17.8469 47.7394 -6.7838
23.0191 48.1062 -8.0366 23.2552 48.8002 -7.8731 23.2552 48.8002 -10.5304
23.2552 48.8002 -10.5304 23.0191 48.1062 -10.3669 23.0191 48.1062 -8.0366
19.6555 48.1062 -10.3669 23.0191 48.1062 -10.3669 23.2552 48.8002 -10.5304
19.4193 48.8002 -10.5304 19.6555 48.1062 -10.3669 23.2552 48.8002 -10.5304
19.6555 48.1062 -8.0367 19.6555 48.1062 -10.3669 19.4193 48.8002 -10.5304
19.4193 48.8002 -7.8731 19.6555 48.1062 -8.0367 19.4193 48.8002 -10.5304
19.6555 48.1062 -8.0367 19.4193 48.8002 -7.8731 23.2552 48.8002 -7.8731
23.2552 48.8002 -7.8731 23.0191 48.1062 -8.0366 19.6555 48.1062 -8.0367
24.3476 34.3749 -7.1163 24.3476 32.1257 -11.2872 24.3476 43.6473 -11.2872
24.3476 34.3749 -7.1163 24.3476 43.6473 -11.2872 24.3476 43.6473 -7.1163
24.3476 32.1257 -11.2872 18.327 32.1257 -11.2872 18.327 43.6473 -11.2872
24.3476 32.1257 -11.2872 18.327 43.6473 -11.2872 24.3476 43.6473 -11.2872
19.6555 48.1062 -8.0367 23.0191 48.1062 -8.0366 23.0191 48.1062 -10.3669
23.0191 48.1062 -10.3669 19.6555 48.1062 -10.3669 19.6555 48.1062 -8.0367
18.327 34.3749 -7.1163 18.327 43.6473 -7.1163 18.327 43.6473 -11.2872
18.327 43.6473 -11.2872 18.327 32.1257 -11.2872 18.327 34.3749 -7.1163
18.327 34.3749 -7.1163 24.3476 34.3749 -7.1163 24.3476 43.6473 -7.1163
18.327 43.6473 -7.1163 18.327 34.3749 -7.1163 24.3476 43.6473 -7.1163
24.6194 43.9247 -11.4755 24.5944 46.315 -11.4582 24.5944 46.315 -6.9454
24.5944 46.315 -6.9454 24.6194 43.9247 -6.9281 24.6194 43.9247 -11.4755
18.0552 43.9247 -11.4755 18.0802 46.315 -11.4582 24.5944 46.315 -11.4582
24.5944 46.315 -11.4582 24.6194 43.9247 -11.4755 18.0552 43.9247 -11.4755
18.0552 43.9247 -6.9281 18.0802 46.315 -6.9454 18.0802 46.315 -11.4582
18.0802 46.315 -11.4582 18.0552 43.9247 -11.4755 18.0552 43.9247 -6.9281
24.6194 43.9247 -6.9281 24.5944 46.315 -6.9454 18.0802 46.315 -6.9454
18.0802 46.315 -6.9454 18.0552 43.9247 -6.9281 24.6194 43.9247 -6.9281
24.3476 43.6473 -7.1163 24.3476 43.6473 -11.2872 24.6194 43.9247 -11.4755
24.6194 43.9247 -6.9281 24.3476 43.6473 -7.1163 24.6194 43.9247 -11.4755
24.3476 43.6473 -11.2872 18.327 43.6473 -11.2872 18.0552 43.9247 -11.4755
24.6194 43.9247 -11.4755 24.3476 43.6473 -11.2872 18.0552 43.9247 -11.4755
18.327 43.6473 -11.2872 18.327 43.6473 -7.1163 18.0552 43.9247 -6.9281
18.0552 43.9247 -11.4755 18.327 43.6473 -11.2872 18.0552 43.9247 -6.9281
18.327 43.6473 -7.1163 24.3476 43.6473 -7.1163 24.6194 43.9247 -6.9281
18.0552 43.9247 -6.9281 18.327 43.6473 -7.1163 24.6194 43.9247 -6.9281
24.8647 46.5961 -6.7581 24.8647 46.5961 -11.6455 24.8276 47.7394 -11.6198
24.8276 47.7394 -11.6198 24.8276 47.7394 -6.7838 24.8647 46.5961 -6.7581
17.8099 46.5961 -11.6455 17.8469 47.7394 -11.6198 24.8276 47.7394 -11.6198
24.8276 47.7394 -11.6198 24.8647 46.5961 -11.6455 17.8099 46.5961 -11.6455
17.8099 46.5961 -11.6455 17.8099 46.5961 -6.7581 17.8469 47.7394 -6.7838
17.8469 47.7394 -6.7838 17.8469 47.7394 -11.6198 17.8099 46.5961 -11.6455
24.8647 46.5961 -6.7581 24.8276 47.7394 -6.7838 17.8469 47.7394 -6.7838
17.8469 47.7394 -6.7838 17.8099 46.5961 -6.7581 24.8647 46.5961 -6.7581
24.5944 46.315 -11.4582 24.8647 46.5961 -11.6455 24.8647 46.5961 -6.7581
24.8647 46.5961 -6.7581 24.5944 46.315 -6.9454 24.5944 46.315 -11.4582
24.5944 46.315 -11.4582 18.0802 46.315 -11.4582 17.8099 46.5961 -11.6455
24.8647 46.5961 -11.6455 24.5944 46.315 -11.4582 17.8099 46.5961 -11.6455
18.0802 46.315 -11.4582 18.0802 46.315 -6.9454 17.8099 46.5961 -6.7581
17.8099 46.5961 -11.6455 18.0802 46.315 -11.4582 17.8099 46.5961 -6.7581
18.0802 46.315 -6.9454 24.5944 46.315 -6.9454 24.8647 46.5961 -6.7581
17.8099 46.5961 -6.7581 18.0802 46.315 -6.9454 24.8647 46.5961 -6.7581
24.7003 47.9216 -11.5315 24.6902 48.8002 -11.5245 24.6902 48.8002 -6.879
24.6902 48.8002 -6.879 24.7003 47.9216 -6.872 24.7003 47.9216 -11.5315
6.6238 41.4144 3.1408 6.5481 41.4252 6.4109 36.7826 41.4191 6.4192
36.7826 41.4191 6.4192 36.8604 41.4205 3.1491 6.6238 41.4144 3.1408
28.5271 17.3776 -36.7537 6.6238 41.4144 3.1408 36.8604 41.4205 3.1491
