-19.9683 16.3251 42.5797 -21.0787 16.5684 44.4015 -21.074 16.5684 16.921
-19.0284 16.5684 46.4591 -21.0787 16.5684 44.4015 -19.9683 16.3251 42.5797
-17.2118 16.3251 45.4271 -19.0284 16.5684 46.4591 -19.9683 16.3251 42.5797
-19.0284 16.5684 46.4591 -17.2118 16.3251 45.4271 12.627 16.5684 46.5663
-19.9683 16.3251 42.5797 -19.9683 15.2352 42.4276 -17.0584 15.2352 45.427
-17.0584 15.2352 45.427 -17.2118 16.3251 45.4271 -19.9683 16.3251 42.5797
-17.0584 15.2352 45.427 -19.9683 15.2352 42.4276 -14.2935 15.2193 39.657
-14.2935 15.2193 39.657 -19.9683 15.2352 42.4276 -19.9683 15.2352 16.1525
1.1836 10.0971 39.5963 1.1836 -1.7944 39.5963 1.3585 -1.9693 40.0091
1.3585 -1.9693 40.0091 1.3585 10.2719 40.0091 1.1836 10.0971 39.5963
1.1836 -1.7944 39.5963 -5.389 -1.7944 39.5963 -5.5639 -1.9693 40.0091
-5.5639 -1.9693 40.0091 1.3585 -1.9693 40.0091 1.1836 -1.7944 39.5963
-5.389 10.0971 39.5963 -5.5639 10.2719 40.0091 -5.5639 -1.9693 40.0091
-5.5639 -1.9693 40.0091 -5.389 -1.7944 39.5963 -5.389 10.0971 39.5963
-5.5639 10.2719 40.0091 -5.389 10.0971 39.5963 1.1836 10.0971 39.5963
1.1836 10.0971 39.5963 1.3585 10.2719 40.0091 -5.5639 10.2719 40.0091
1.3585 10.2719 40.0091 1.3585 -1.9693 40.0091 1.8017 -2.4125 40.0091
1.8017 10.7151 40.0091 1.3585 10.2719 40.0091 1.8017 -2.4125 40.0091
-6.0071 -2.4125 40.0091 -5.5639 -1.9693 40.0091 -5.5639 10.2719 40.0091
-5.5639 10.2719 40.0091 -6.0071 10.7151 40.0091 -6.0071 -2.4125 40.0091
1.8017 10.7151 40.0091 1.8017 -2.4125 40.0091 2.059 -2.6698 39.7525
2.059 10.9724 39.7525 1.8017 10.7151 40.0091 2.059 -2.6698 39.7525
-6.0071 -2.4125 40.0091 -6.0071 10.7151 40.0091 -6.2644 10.9724 39.7525
-6.2644 -2.6698 39.7525 -6.0071 -2.4125 40.0091 -6.2644 10.9724 39.7525
-5.389 -1.7944 39.5963 1.1836 -1.7944 39.5963 1.1836 10.0971 39.5963
-5.389 -1.7944 39.5963 1.1836 10.0971 39.5963 -5.389 10.0971 39.5963
2.059 10.9724 39.7525 -6.2644 10.9724 39.7525 -6.0071 10.7151 40.0091
-6.0071 10.7151 40.0091 1.8017 10.7151 40.0091 2.059 10.9724 39.7525
1.8017 -2.4125 40.0091 -6.0071 -2.4125 40.0091 -6.2644 -2.6698 39.7525
2.059 -2.6698 39.7525 1.8017 -2.4125 40.0091 -6.2644 -2.6698 39.7525
1.8017 10.7151 40.0091 -6.0071 10.7151 40.0091 -5.5639 10.2719 40.0091
-5.5639 10.2719 40.0091 1.3585 10.2719 40.0091 1.8017 10.7151 40.0091
-5.5639 -1.9693 40.0091 -6.0071 -2.4125 40.0091 1.8017 -2.4125 40.0091
1.8017 -2.4125 40.0091 1.3585 -1.9693 40.0091 -5.5639 -1.9693 40.0091
13.9237 15.2193 39.7525 13.129 15.2352 45.4271 -14.2935 15.2193 39.657
-17.0584 15.2352 45.427 -14.2935 15.2193 39.657 13.129 15.2352 45.4271
-17.0584 15.2352 45.427 13.129 15.2352 45.4271 13.1282 16.3251 45.427
-17.2118 16.3251 45.4271 -17.0584 15.2352 45.427 13.1282 16.3251 45.427
-19.9683 15.2352 42.4276 -19.9683 16.3251 42.5797 -19.9683 16.3251 16.1524
-19.0284 16.5684 46.4591 12.627 16.5684 46.5663 12.627 17.3776 46.5663
12.627 17.3776 46.5663 -19.0284 17.3776 46.4591 -19.0284 16.5684 46.4591
-21.0787 16.5684 44.4015 -21.0787 17.3776 44.4015 -21.074 17.3776 16.921
-19.0284 16.5684 46.4591 -19.0284 17.3776 46.4591 -21.0787 17.3776 44.4015
-21.0787 17.3776 44.4015 -21.0787 16.5684 44.4015 -19.0284 16.5684 46.4591
13.1282 16.3251 45.427 12.627 16.5684 46.5663 -17.2118 16.3251 45.4271
-14.2934 -2.6759 39.657 -6.2644 10.9724 39.7525 -14.2935 15.2193 39.657
-14.2934 -2.6759 39.657 -6.2644 -2.6698 39.7525 -6.2644 10.9724 39.7525
-14.2935 15.2193 39.657 2.059 10.9724 39.7525 13.9237 15.2193 39.7525
-14.2935 15.2193 39.657 -6.2644 10.9724 39.7525 2.059 10.9724 39.7525
2.059 10.9724 39.7525 2.059 -2.6698 39.7525 13.9237 -2.6759 39.7525
-14.2934 -2.6759 39.657 -14.2935 15.2193 39.657 -14.2978 10.9725 27.697
12.627 17.3776 46.5663 6.5481 41.4252 6.4109 -19.0284 17.3776 46.4591
6.5481 41.4252 6.4109 -21.0787 17.3776 44.4015 -19.0284 17.3776 46.4591
