1.0909 -30.3106 39.959 0.8959 -30.1157 39.7318 -5.2081 -30.1157 39.7317
-5.2081 -30.1157 39.7317 -5.4031 -30.3106 39.959 1.0909 -30.3106 39.959
-5.4031 -30.3106 39.959 -5.2081 -30.1157 39.7317 -5.4031 -18.2752 39.959
-5.2081 -18.4702 39.7317 -5.4031 -18.2752 39.959 -5.2081 -30.1157 39.7317
-5.2081 -18.4702 39.7317 0.8959 -18.4702 39.7318 1.0909 -18.2752 39.959
-5.4031 -18.2752 39.959 -5.2081 -18.4702 39.7317 1.0909 -18.2752 39.959
0.8959 -18.4702 39.7318 0.8959 -30.1157 39.7318 1.0909 -30.3106 39.959
1.0909 -30.3106 39.959 1.0909 -18.2752 39.959 0.8959 -18.4702 39.7318
-5.4031 -30.3106 39.959 -5.4031 -18.2752 39.959 -5.9516 -17.7267 39.959
-5.9516 -30.8592 39.959 -5.4031 -30.3106 39.959 -5.9516 -17.7267 39.959
1.6394 -17.7267 39.959 1.0909 -18.2752 39.959 1.0909 -30.3106 39.959
1.0909 -30.3106 39.959 1.6394 -30.8592 39.959 1.6394 -17.7267 39.959
-6.2768 -31.1844 39.7525 -5.9516 -30.8592 39.959 -5.9516 -17.7267 39.959
-5.9516 -17.7267 39.959 -6.2768 -17.4015 39.7525 -6.2768 -31.1844 39.7525
1.6394 -17.7267 39.959 1.6394 -30.8592 39.959 1.9646 -31.1844 39.7525
1.9646 -17.4015 39.7525 1.6394 -17.7267 39.959 1.9646 -31.1844 39.7525
0.8959 -30.1157 39.7318 0.8959 -18.4702 39.7318 -5.2081 -18.4702 39.7317
-5.2081 -18.4702 39.7317 -5.2081 -30.1157 39.7317 0.8959 -30.1157 39.7318
-5.9516 -17.7267 39.959 1.6394 -17.7267 39.959 1.9646 -17.4015 39.7525
-6.2768 -17.4015 39.7525 -5.9516 -17.7267 39.959 1.9646 -17.4015 39.7525
1.6394 -30.8592 39.959 -5.9516 -30.8592 39.959 -6.2768 -31.1844 39.7525
1.9646 -31.1844 39.7525 1.6394 -30.8592 39.959 -6.2768 -31.1844 39.7525
1.0909 -18.2752 39.959 1.6394 -17.7267 39.959 -5.9516 -17.7267 39.959
-5.9516 -17.7267 39.959 -5.4031 -18.2752 39.959 1.0909 -18.2752 39.959
1.0909 -30.3106 39.959 -5.4031 -30.3106 39.959 -5.9516 -30.8592 39.959
1.6394 -30.8592 39.959 1.0909 -30.3106 39.959 -5.9516 -30.8592 39.959
-6.2768 -31.1844 39.7525 -6.2768 -17.4015 39.7525 -14.2934 -17.4312 39.657
13.9237 -17.4312 39.7525 13.9237 -2.6759 39.7525 2.059 -2.6698 39.7525
1.9646 -31.1844 39.7525 13.9306 -38.0011 39.7525 1.9646 -17.4015 39.7525
25.5657 -17.441 39.7525 13.9237 -17.4312 39.7525 13.9306 -38.0011 39.7525
1.9646 -17.4015 39.7525 13.9306 -38.0011 39.7525 13.9237 -17.4312 39.7525
2.059 -2.6698 39.7525 1.9646 -17.4015 39.7525 13.9237 -17.4312 39.7525
1.9646 -17.4015 39.7525 2.059 -2.6698 39.7525 -6.2644 -2.6698 39.7525
-6.2644 -2.6698 39.7525 -6.2768 -17.4015 39.7525 1.9646 -17.4015 39.7525
